512;;1,0,0,0,0;0,0,0,0,0	512;;1,0,0,0,0;0,0,0,0,0	2	768;;1,1,0,0,0;0,0,0,0,0	1,0	1
512;;1,0,0,0,0;0,0,0,0,0	512;;1,0,0,0,0;0,0,0,0,0	1	528;;1,0,0,0,0;1,0,0,0,0	0,1	1
512;;1,0,0,0,0;0,0,0,0,0	768;;1,1,0,0,0;0,0,0,0,0	2	896;;1,1,1,0,0;0,0,0,0,0	1,0	2
512;;1,0,0,0,0;0,0,0,0,0	768;;1,1,0,0,0;0,0,0,0,0	1	784;;1,1,0,0,0;1,0,0,0,0	0,1	1
512;;1,0,0,0,0;0,0,0,0,0	768;;1,1,0,0,0;0,0,0,0,0	1	776;;1,1,0,0,0;0,1,0,0,0	0,1	1
512;;1,0,0,0,0;0,0,0,0,0	528;;1,0,0,0,0;1,0,0,0,0	2	776;;1,1,0,0,0;0,1,0,0,0	1,0	1
512;;1,0,0,0,0;0,0,0,0,0	528;;1,0,0,0,0;1,0,0,0,0	2	784;;1,1,0,0,0;1,0,0,0,0	1,0	1
512;;1,0,0,0,0;0,0,0,0,0	896;;1,1,1,0,0;0,0,0,0,0	2	960;;1,1,1,1,0;0,0,0,0,0	1,0	2
512;;1,0,0,0,0;0,0,0,0,0	896;;1,1,1,0,0;0,0,0,0,0	1	904;;1,1,1,0,0;0,1,0,0,0	0,1	1
512;;1,0,0,0,0;0,0,0,0,0	896;;1,1,1,0,0;0,0,0,0,0	1	900;;1,1,1,0,0;0,0,1,0,0	0,1	1
512;;1,0,0,0,0;0,0,0,0,0	896;;1,1,1,0,0;0,0,0,0,0	1	912;;1,1,1,0,0;1,0,0,0,0	0,1	1
512;;1,0,0,0,0;0,0,0,0,0	784;;1,1,0,0,0;1,0,0,0,0	1	904;;1,1,1,0,0;0,1,0,0,0	1,0	1
512;;1,0,0,0,0;0,0,0,0,0	784;;1,1,0,0,0;1,0,0,0,0	1	912;;1,1,1,0,0;1,0,0,0,0	1,0	1
512;;1,0,0,0,0;0,0,0,0,0	784;;1,1,0,0,0;1,0,0,0,0	1	785;;1,1,0,0,0;1,0,0,0,1	1,0	2
512;;1,0,0,0,0;0,0,0,0,0	784;;1,1,0,0,0;1,0,0,0,0	1	792;;1,1,0,0,0;1,1,0,0,0	1,1	2
512;;1,0,0,0,0;0,0,0,0,0	776;;1,1,0,0,0;0,1,0,0,0	1	900;;1,1,1,0,0;0,0,1,0,0	1,0	1
512;;1,0,0,0,0;0,0,0,0,0	776;;1,1,0,0,0;0,1,0,0,0	1	904;;1,1,1,0,0;0,1,0,0,0	1,0	1
512;;1,0,0,0,0;0,0,0,0,0	776;;1,1,0,0,0;0,1,0,0,0	1	792;;1,1,0,0,0;1,1,0,0,0	1,1	2
512;;1,0,0,0,0;0,0,0,0,0	776;;1,1,0,0,0;0,1,0,0,0	1	780;;1,1,0,0,0;0,1,1,0,0	1,0	2
512;;1,0,0,0,0;0,0,0,0,0	960;;1,1,1,1,0;0,0,0,0,0	1	992;;1,1,1,1,1;0,0,0,0,0	2,0	5
512;;1,0,0,0,0;0,0,0,0,0	960;;1,1,1,1,0;0,0,0,0,0	1	964;;1,1,1,1,0;0,0,1,0,0	0,1	1
512;;1,0,0,0,0;0,0,0,0,0	960;;1,1,1,1,0;0,0,0,0,0	1	962;;1,1,1,1,0;0,0,0,1,0	0,1	1
512;;1,0,0,0,0;0,0,0,0,0	960;;1,1,1,1,0;0,0,0,0,0	1	976;;1,1,1,1,0;1,0,0,0,0	0,1	1
512;;1,0,0,0,0;0,0,0,0,0	960;;1,1,1,1,0;0,0,0,0,0	1	968;;1,1,1,1,0;0,1,0,0,0	0,1	1
512;;1,0,0,0,0;0,0,0,0,0	904;;1,1,1,0,0;0,1,0,0,0	1	964;;1,1,1,1,0;0,0,1,0,0	1,0	1
512;;1,0,0,0,0;0,0,0,0,0	904;;1,1,1,0,0;0,1,0,0,0	1	968;;1,1,1,1,0;0,1,0,0,0	1,0	1
512;;1,0,0,0,0;0,0,0,0,0	904;;1,1,1,0,0;0,1,0,0,0	1	920;;1,1,1,0,0;1,1,0,0,0	1,1	1
512;;1,0,0,0,0;0,0,0,0,0	904;;1,1,1,0,0;0,1,0,0,0	1	908;;1,1,1,0,0;0,1,1,0,0	1,1	1
512;;1,0,0,0,0;0,0,0,0,0	900;;1,1,1,0,0;0,0,1,0,0	1	962;;1,1,1,1,0;0,0,0,1,0	1,0	1
512;;1,0,0,0,0;0,0,0,0,0	900;;1,1,1,0,0;0,0,1,0,0	1	964;;1,1,1,1,0;0,0,1,0,0	1,0	1
512;;1,0,0,0,0;0,0,0,0,0	900;;1,1,1,0,0;0,0,1,0,0	1	908;;1,1,1,0,0;0,1,1,0,0	1,1	1
512;;1,0,0,0,0;0,0,0,0,0	900;;1,1,1,0,0;0,0,1,0,0	1	902;;1,1,1,0,0;0,0,1,1,0	1,0	1
512;;1,0,0,0,0;0,0,0,0,0	900;;1,1,1,0,0;0,0,1,0,0	1	916;;1,1,1,0,0;1,0,1,0,0	0,1	1
512;;1,0,0,0,0;0,0,0,0,0	912;;1,1,1,0,0;1,0,0,0,0	1	968;;1,1,1,1,0;0,1,0,0,0	1,0	1
512;;1,0,0,0,0;0,0,0,0,0	912;;1,1,1,0,0;1,0,0,0,0	1	976;;1,1,1,1,0;1,0,0,0,0	1,0	1
512;;1,0,0,0,0;0,0,0,0,0	912;;1,1,1,0,0;1,0,0,0,0	1	913;;1,1,1,0,0;1,0,0,0,1	1,0	1
512;;1,0,0,0,0;0,0,0,0,0	912;;1,1,1,0,0;1,0,0,0,0	1	920;;1,1,1,0,0;1,1,0,0,0	1,1	1
512;;1,0,0,0,0;0,0,0,0,0	912;;1,1,1,0,0;1,0,0,0,0	1	916;;1,1,1,0,0;1,0,1,0,0	0,1	1
512;;1,0,0,0,0;0,0,0,0,0	785;;1,1,0,0,0;1,0,0,0,1	2	920;;1,1,1,0,0;1,1,0,0,0	1,1	1
512;;1,0,0,0,0;0,0,0,0,0	785;;1,1,0,0,0;1,0,0,0,1	2	913;;1,1,1,0,0;1,0,0,0,1	1,0	1
512;;1,0,0,0,0;0,0,0,0,0	792;;1,1,0,0,0;1,1,0,0,0	2	908;;1,1,1,0,0;0,1,1,0,0	1,0	1
512;;1,0,0,0,0;0,0,0,0,0	792;;1,1,0,0,0;1,1,0,0,0	2	920;;1,1,1,0,0;1,1,0,0,0	1,0	1
512;;1,0,0,0,0;0,0,0,0,0	780;;1,1,0,0,0;0,1,1,0,0	2	902;;1,1,1,0,0;0,0,1,1,0	1,0	1
512;;1,0,0,0,0;0,0,0,0,0	780;;1,1,0,0,0;0,1,1,0,0	2	908;;1,1,1,0,0;0,1,1,0,0	1,1	1
512;;1,0,0,0,0;0,0,0,0,0	992;;1,1,1,1,1;0,0,0,0,0	5	1008;;1,1,1,1,1;1,0,0,0,0	0,1	1
512;;1,0,0,0,0;0,0,0,0,0	964;;1,1,1,1,0;0,0,1,0,0	1	1008;;1,1,1,1,1;1,0,0,0,0	2,0	1
512;;1,0,0,0,0;0,0,0,0,0	964;;1,1,1,1,0;0,0,1,0,0	1	972;;1,1,1,1,0;0,1,1,0,0	1,1	1
512;;1,0,0,0,0;0,0,0,0,0	964;;1,1,1,1,0;0,0,1,0,0	1	966;;1,1,1,1,0;0,0,1,1,0	1,1	1
512;;1,0,0,0,0;0,0,0,0,0	964;;1,1,1,1,0;0,0,1,0,0	1	980;;1,1,1,1,0;1,0,1,0,0	0,1	1
512;;1,0,0,0,0;0,0,0,0,0	962;;1,1,1,1,0;0,0,0,1,0	1	1008;;1,1,1,1,1;1,0,0,0,0	2,0	1
512;;1,0,0,0,0;0,0,0,0,0	962;;1,1,1,1,0;0,0,0,1,0	1	966;;1,1,1,1,0;0,0,1,1,0	1,1	1
512;;1,0,0,0,0;0,0,0,0,0	962;;1,1,1,1,0;0,0,0,1,0	1	963;;1,1,1,1,0;0,0,0,1,1	1,0	1
512;;1,0,0,0,0;0,0,0,0,0	962;;1,1,1,1,0;0,0,0,1,0	1	978;;1,1,1,1,0;1,0,0,1,0	0,1	1
512;;1,0,0,0,0;0,0,0,0,0	962;;1,1,1,1,0;0,0,0,1,0	1	970;;1,1,1,1,0;0,1,0,1,0	0,1	1
512;;1,0,0,0,0;0,0,0,0,0	976;;1,1,1,1,0;1,0,0,0,0	1	1008;;1,1,1,1,1;1,0,0,0,0	2,0	1
512;;1,0,0,0,0;0,0,0,0,0	976;;1,1,1,1,0;1,0,0,0,0	1	977;;1,1,1,1,0;1,0,0,0,1	1,0	1
512;;1,0,0,0,0;0,0,0,0,0	976;;1,1,1,1,0;1,0,0,0,0	1	984;;1,1,1,1,0;1,1,0,0,0	1,1	1
512;;1,0,0,0,0;0,0,0,0,0	976;;1,1,1,1,0;1,0,0,0,0	1	980;;1,1,1,1,0;1,0,1,0,0	0,1	1
512;;1,0,0,0,0;0,0,0,0,0	976;;1,1,1,1,0;1,0,0,0,0	1	978;;1,1,1,1,0;1,0,0,1,0	0,1	1
512;;1,0,0,0,0;0,0,0,0,0	968;;1,1,1,1,0;0,1,0,0,0	1	1008;;1,1,1,1,1;1,0,0,0,0	2,0	1
512;;1,0,0,0,0;0,0,0,0,0	968;;1,1,1,1,0;0,1,0,0,0	1	984;;1,1,1,1,0;1,1,0,0,0	1,1	1
512;;1,0,0,0,0;0,0,0,0,0	968;;1,1,1,1,0;0,1,0,0,0	1	972;;1,1,1,1,0;0,1,1,0,0	1,1	1
512;;1,0,0,0,0;0,0,0,0,0	968;;1,1,1,1,0;0,1,0,0,0	1	970;;1,1,1,1,0;0,1,0,1,0	0,1	1
512;;1,0,0,0,0;0,0,0,0,0	920;;1,1,1,0,0;1,1,0,0,0	1	972;;1,1,1,1,0;0,1,1,0,0	1,0	1
512;;1,0,0,0,0;0,0,0,0,0	920;;1,1,1,0,0;1,1,0,0,0	1	984;;1,1,1,1,0;1,1,0,0,0	1,0	1
512;;1,0,0,0,0;0,0,0,0,0	920;;1,1,1,0,0;1,1,0,0,0	1	924;;1,1,1,0,0;1,1,1,0,0	1,1	2
512;;1,0,0,0,0;0,0,0,0,0	920;;1,1,1,0,0;1,1,0,0,0	1	921;;1,1,1,0,0;1,1,0,0,1	1,0	2
512;;1,0,0,0,0;0,0,0,0,0	908;;1,1,1,0,0;0,1,1,0,0	1	966;;1,1,1,1,0;0,0,1,1,0	1,0	1
512;;1,0,0,0,0;0,0,0,0,0	908;;1,1,1,0,0;0,1,1,0,0	1	972;;1,1,1,1,0;0,1,1,0,0	1,0	1
512;;1,0,0,0,0;0,0,0,0,0	908;;1,1,1,0,0;0,1,1,0,0	1	910;;1,1,1,0,0;0,1,1,1,0	1,0	2
512;;1,0,0,0,0;0,0,0,0,0	908;;1,1,1,0,0;0,1,1,0,0	1	924;;1,1,1,0,0;1,1,1,0,0	1,1	2
512;;1,0,0,0,0;0,0,0,0,0	902;;1,1,1,0,0;0,0,1,1,0	1	963;;1,1,1,1,0;0,0,0,1,1	1,0	1
512;;1,0,0,0,0;0,0,0,0,0	902;;1,1,1,0,0;0,0,1,1,0	1	966;;1,1,1,1,0;0,0,1,1,0	1,1	1
512;;1,0,0,0,0;0,0,0,0,0	902;;1,1,1,0,0;0,0,1,1,0	1	903;;1,1,1,0,0;0,0,1,1,1	1,0	2
512;;1,0,0,0,0;0,0,0,0,0	902;;1,1,1,0,0;0,0,1,1,0	1	918;;1,1,1,0,0;1,0,1,1,0	0,1	1
512;;1,0,0,0,0;0,0,0,0,0	902;;1,1,1,0,0;0,0,1,1,0	1	910;;1,1,1,0,0;0,1,1,1,0	1,1	2
512;;1,0,0,0,0;0,0,0,0,0	916;;1,1,1,0,0;1,0,1,0,0	1	970;;1,1,1,1,0;0,1,0,1,0	1,0	1
512;;1,0,0,0,0;0,0,0,0,0	916;;1,1,1,0,0;1,0,1,0,0	1	980;;1,1,1,1,0;1,0,1,0,0	1,0	1
512;;1,0,0,0,0;0,0,0,0,0	916;;1,1,1,0,0;1,0,1,0,0	1	924;;1,1,1,0,0;1,1,1,0,0	2,1	2
512;;1,0,0,0,0;0,0,0,0,0	916;;1,1,1,0,0;1,0,1,0,0	1	918;;1,1,1,0,0;1,0,1,1,0	1,0	1
512;;1,0,0,0,0;0,0,0,0,0	916;;1,1,1,0,0;1,0,1,0,0	1	917;;1,1,1,0,0;1,0,1,0,1	1,0	1
512;;1,0,0,0,0;0,0,0,0,0	913;;1,1,1,0,0;1,0,0,0,1	1	984;;1,1,1,1,0;1,1,0,0,0	1,1	1
512;;1,0,0,0,0;0,0,0,0,0	913;;1,1,1,0,0;1,0,0,0,1	1	977;;1,1,1,1,0;1,0,0,0,1	1,0	1
512;;1,0,0,0,0;0,0,0,0,0	913;;1,1,1,0,0;1,0,0,0,1	1	921;;1,1,1,0,0;1,1,0,0,1	1,1	2
512;;1,0,0,0,0;0,0,0,0,0	913;;1,1,1,0,0;1,0,0,0,1	1	917;;1,1,1,0,0;1,0,1,0,1	0,1	1
512;;1,0,0,0,0;0,0,0,0,0	913;;1,1,1,0,0;1,0,0,0,1	1	915;;1,1,1,0,0;1,0,0,1,1	1,0	2
512;;1,0,0,0,0;0,0,0,0,0	1008;;1,1,1,1,1;1,0,0,0,0	2	1016;;1,1,1,1,1;1,1,0,0,0	1,1	2
512;;1,0,0,0,0;0,0,0,0,0	1008;;1,1,1,1,1;1,0,0,0,0	2	1012;;1,1,1,1,1;1,0,1,0,0	0,1	2
512;;1,0,0,0,0;0,0,0,0,0	972;;1,1,1,1,0;0,1,1,0,0	1	1016;;1,1,1,1,1;1,1,0,0,0	2,0	1
512;;1,0,0,0,0;0,0,0,0,0	972;;1,1,1,1,0;0,1,1,0,0	1	974;;1,1,1,1,0;0,1,1,1,0	1,1	1
512;;1,0,0,0,0;0,0,0,0,0	972;;1,1,1,1,0;0,1,1,0,0	1	988;;1,1,1,1,0;1,1,1,0,0	1,1	1
512;;1,0,0,0,0;0,0,0,0,0	966;;1,1,1,1,0;0,0,1,1,0	1	1016;;1,1,1,1,1;1,1,0,0,0	2,0	1
512;;1,0,0,0,0;0,0,0,0,0	966;;1,1,1,1,0;0,0,1,1,0	1	967;;1,1,1,1,0;0,0,1,1,1	1,0	1
512;;1,0,0,0,0;0,0,0,0,0	966;;1,1,1,1,0;0,0,1,1,0	1	982;;1,1,1,1,0;1,0,1,1,0	0,1	1
512;;1,0,0,0,0;0,0,0,0,0	966;;1,1,1,1,0;0,0,1,1,0	1	974;;1,1,1,1,0;0,1,1,1,0	1,1	1
512;;1,0,0,0,0;0,0,0,0,0	980;;1,1,1,1,0;1,0,1,0,0	1	1012;;1,1,1,1,1;1,0,1,0,0	2,0	1
512;;1,0,0,0,0;0,0,0,0,0	980;;1,1,1,1,0;1,0,1,0,0	1	988;;1,1,1,1,0;1,1,1,0,0	2,1	1
512;;1,0,0,0,0;0,0,0,0,0	980;;1,1,1,1,0;1,0,1,0,0	1	982;;1,1,1,1,0;1,0,1,1,0	1,1	1
512;;1,0,0,0,0;0,0,0,0,0	980;;1,1,1,1,0;1,0,1,0,0	1	981;;1,1,1,1,0;1,0,1,0,1	1,0	1
512;;1,0,0,0,0;0,0,0,0,0	963;;1,1,1,1,0;0,0,0,1,1	1	1016;;1,1,1,1,1;1,1,0,0,0	2,1	1
512;;1,0,0,0,0;0,0,0,0,0	963;;1,1,1,1,0;0,0,0,1,1	1	979;;1,1,1,1,0;1,0,0,1,1	1,1	1
512;;1,0,0,0,0;0,0,0,0,0	963;;1,1,1,1,0;0,0,0,1,1	1	971;;1,1,1,1,0;0,1,0,1,1	0,1	1
512;;1,0,0,0,0;0,0,0,0,0	963;;1,1,1,1,0;0,0,0,1,1	1	967;;1,1,1,1,0;0,0,1,1,1	1,1	1
512;;1,0,0,0,0;0,0,0,0,0	978;;1,1,1,1,0;1,0,0,1,0	1	1012;;1,1,1,1,1;1,0,1,0,0	2,0	1
512;;1,0,0,0,0;0,0,0,0,0	978;;1,1,1,1,0;1,0,0,1,0	1	979;;1,1,1,1,0;1,0,0,1,1	2,0	1
512;;1,0,0,0,0;0,0,0,0,0	978;;1,1,1,1,0;1,0,0,1,0	1	986;;1,1,1,1,0;1,1,0,1,0	1,1	1
512;;1,0,0,0,0;0,0,0,0,0	978;;1,1,1,1,0;1,0,0,1,0	1	982;;1,1,1,1,0;1,0,1,1,0	1,1	1
512;;1,0,0,0,0;0,0,0,0,0	970;;1,1,1,1,0;0,1,0,1,0	1	1012;;1,1,1,1,1;1,0,1,0,0	2,0	1
512;;1,0,0,0,0;0,0,0,0,0	970;;1,1,1,1,0;0,1,0,1,0	1	974;;1,1,1,1,0;0,1,1,1,0	2,1	1
512;;1,0,0,0,0;0,0,0,0,0	970;;1,1,1,1,0;0,1,0,1,0	1	971;;1,1,1,1,0;0,1,0,1,1	1,0	1
512;;1,0,0,0,0;0,0,0,0,0	970;;1,1,1,1,0;0,1,0,1,0	1	986;;1,1,1,1,0;1,1,0,1,0	1,1	1
512;;1,0,0,0,0;0,0,0,0,0	977;;1,1,1,1,0;1,0,0,0,1	1	1016;;1,1,1,1,1;1,1,0,0,0	2,1	1
512;;1,0,0,0,0;0,0,0,0,0	977;;1,1,1,1,0;1,0,0,0,1	1	985;;1,1,1,1,0;1,1,0,0,1	1,1	1
512;;1,0,0,0,0;0,0,0,0,0	977;;1,1,1,1,0;1,0,0,0,1	1	981;;1,1,1,1,0;1,0,1,0,1	0,1	1
512;;1,0,0,0,0;0,0,0,0,0	977;;1,1,1,1,0;1,0,0,0,1	1	979;;1,1,1,1,0;1,0,0,1,1	1,1	1
512;;1,0,0,0,0;0,0,0,0,0	984;;1,1,1,1,0;1,1,0,0,0	1	1016;;1,1,1,1,1;1,1,0,0,0	2,0	1
512;;1,0,0,0,0;0,0,0,0,0	984;;1,1,1,1,0;1,1,0,0,0	1	988;;1,1,1,1,0;1,1,1,0,0	1,1	1
512;;1,0,0,0,0;0,0,0,0,0	984;;1,1,1,1,0;1,1,0,0,0	1	986;;1,1,1,1,0;1,1,0,1,0	0,1	1
512;;1,0,0,0,0;0,0,0,0,0	984;;1,1,1,1,0;1,1,0,0,0	1	985;;1,1,1,1,0;1,1,0,0,1	1,0	1
512;;1,0,0,0,0;0,0,0,0,0	924;;1,1,1,0,0;1,1,1,0,0	2	974;;1,1,1,1,0;0,1,1,1,0	1,0	1
512;;1,0,0,0,0;0,0,0,0,0	924;;1,1,1,0,0;1,1,1,0,0	2	988;;1,1,1,1,0;1,1,1,0,0	1,0	1
512;;1,0,0,0,0;0,0,0,0,0	921;;1,1,1,0,0;1,1,0,0,1	2	988;;1,1,1,1,0;1,1,1,0,0	1,1	1
512;;1,0,0,0,0;0,0,0,0,0	921;;1,1,1,0,0;1,1,0,0,1	2	985;;1,1,1,1,0;1,1,0,0,1	1,0	1
512;;1,0,0,0,0;0,0,0,0,0	910;;1,1,1,0,0;0,1,1,1,0	2	967;;1,1,1,1,0;0,0,1,1,1	1,0	1
512;;1,0,0,0,0;0,0,0,0,0	910;;1,1,1,0,0;0,1,1,1,0	2	974;;1,1,1,1,0;0,1,1,1,0	1,1	1
512;;1,0,0,0,0;0,0,0,0,0	903;;1,1,1,0,0;0,0,1,1,1	2	979;;1,1,1,1,0;1,0,0,1,1	1,1	1
512;;1,0,0,0,0;0,0,0,0,0	903;;1,1,1,0,0;0,0,1,1,1	2	967;;1,1,1,1,0;0,0,1,1,1	1,1	1
512;;1,0,0,0,0;0,0,0,0,0	918;;1,1,1,0,0;1,0,1,1,0	1	971;;1,1,1,1,0;0,1,0,1,1	1,0	1
512;;1,0,0,0,0;0,0,0,0,0	918;;1,1,1,0,0;1,0,1,1,0	1	982;;1,1,1,1,0;1,0,1,1,0	1,1	1
512;;1,0,0,0,0;0,0,0,0,0	918;;1,1,1,0,0;1,0,1,1,0	1	979;;1,1,1,1,0;1,0,0,1,1	2,0	1
512;;1,0,0,0,0;0,0,0,0,0	918;;1,1,1,0,0;1,0,1,1,0	1	974;;1,1,1,1,0;0,1,1,1,0	2,1	1
512;;1,0,0,0,0;0,0,0,0,0	917;;1,1,1,0,0;1,0,1,0,1	1	986;;1,1,1,1,0;1,1,0,1,0	1,1	1
512;;1,0,0,0,0;0,0,0,0,0	917;;1,1,1,0,0;1,0,1,0,1	1	981;;1,1,1,1,0;1,0,1,0,1	1,0	1
512;;1,0,0,0,0;0,0,0,0,0	917;;1,1,1,0,0;1,0,1,0,1	1	988;;1,1,1,1,0;1,1,1,0,0	2,1	1
512;;1,0,0,0,0;0,0,0,0,0	917;;1,1,1,0,0;1,0,1,0,1	1	979;;1,1,1,1,0;1,0,0,1,1	2,0	1
512;;1,0,0,0,0;0,0,0,0,0	915;;1,1,1,0,0;1,0,0,1,1	2	985;;1,1,1,1,0;1,1,0,0,1	1,1	1
512;;1,0,0,0,0;0,0,0,0,0	915;;1,1,1,0,0;1,0,0,1,1	2	979;;1,1,1,1,0;1,0,0,1,1	1,1	1
512;;1,0,0,0,0;0,0,0,0,0	1016;;1,1,1,1,1;1,1,0,0,0	2	1020;;1,1,1,1,1;1,1,1,0,0	1,1	2
512;;1,0,0,0,0;0,0,0,0,0	1016;;1,1,1,1,1;1,1,0,0,0	1	1018;;1,1,1,1,1;1,1,0,1,0	0,1	1
512;;1,0,0,0,0;0,0,0,0,0	1012;;1,1,1,1,1;1,0,1,0,0	2	1018;;1,1,1,1,1;1,1,0,1,0	1,1	2
512;;1,0,0,0,0;0,0,0,0,0	1012;;1,1,1,1,1;1,0,1,0,0	1	1020;;1,1,1,1,1;1,1,1,0,0	2,1	1
512;;1,0,0,0,0;0,0,0,0,0	974;;1,1,1,1,0;0,1,1,1,0	1	1020;;1,1,1,1,1;1,1,1,0,0	2,0	1
512;;1,0,0,0,0;0,0,0,0,0	974;;1,1,1,1,0;0,1,1,1,0	1	975;;1,1,1,1,0;0,1,1,1,1	1,0	2
512;;1,0,0,0,0;0,0,0,0,0	974;;1,1,1,1,0;0,1,1,1,0	1	990;;1,1,1,1,0;1,1,1,1,0	1,1	2
512;;1,0,0,0,0;0,0,0,0,0	988;;1,1,1,1,0;1,1,1,0,0	1	1020;;1,1,1,1,1;1,1,1,0,0	2,0	1
512;;1,0,0,0,0;0,0,0,0,0	988;;1,1,1,1,0;1,1,1,0,0	1	990;;1,1,1,1,0;1,1,1,1,0	1,1	2
512;;1,0,0,0,0;0,0,0,0,0	988;;1,1,1,1,0;1,1,1,0,0	1	989;;1,1,1,1,0;1,1,1,0,1	1,0	2
512;;1,0,0,0,0;0,0,0,0,0	967;;1,1,1,1,0;0,0,1,1,1	1	1020;;1,1,1,1,1;1,1,1,0,0	2,1	1
512;;1,0,0,0,0;0,0,0,0,0	967;;1,1,1,1,0;0,0,1,1,1	1	983;;1,1,1,1,0;1,0,1,1,1	1,1	2
512;;1,0,0,0,0;0,0,0,0,0	967;;1,1,1,1,0;0,0,1,1,1	1	975;;1,1,1,1,0;0,1,1,1,1	1,1	2
512;;1,0,0,0,0;0,0,0,0,0	982;;1,1,1,1,0;1,0,1,1,0	1	1018;;1,1,1,1,1;1,1,0,1,0	2,0	1
512;;1,0,0,0,0;0,0,0,0,0	982;;1,1,1,1,0;1,0,1,1,0	1	983;;1,1,1,1,0;1,0,1,1,1	2,0	2
512;;1,0,0,0,0;0,0,0,0,0	982;;1,1,1,1,0;1,0,1,1,0	1	990;;1,1,1,1,0;1,1,1,1,0	2,1	2
512;;1,0,0,0,0;0,0,0,0,0	981;;1,1,1,1,0;1,0,1,0,1	1	1018;;1,1,1,1,1;1,1,0,1,0	2,1	1
512;;1,0,0,0,0;0,0,0,0,0	981;;1,1,1,1,0;1,0,1,0,1	1	989;;1,1,1,1,0;1,1,1,0,1	2,1	2
512;;1,0,0,0,0;0,0,0,0,0	981;;1,1,1,1,0;1,0,1,0,1	1	983;;1,1,1,1,0;1,0,1,1,1	2,1	2
512;;1,0,0,0,0;0,0,0,0,0	979;;1,1,1,1,0;1,0,0,1,1	1	1020;;1,1,1,1,1;1,1,1,0,0	2,1	1
512;;1,0,0,0,0;0,0,0,0,0	979;;1,1,1,1,0;1,0,0,1,1	1	987;;1,1,1,1,0;1,1,0,1,1	1,1	2
512;;1,0,0,0,0;0,0,0,0,0	979;;1,1,1,1,0;1,0,0,1,1	1	983;;1,1,1,1,0;1,0,1,1,1	1,1	2
512;;1,0,0,0,0;0,0,0,0,0	971;;1,1,1,1,0;0,1,0,1,1	1	1018;;1,1,1,1,1;1,1,0,1,0	2,1	1
512;;1,0,0,0,0;0,0,0,0,0	971;;1,1,1,1,0;0,1,0,1,1	1	987;;1,1,1,1,0;1,1,0,1,1	2,1	2
512;;1,0,0,0,0;0,0,0,0,0	971;;1,1,1,1,0;0,1,0,1,1	1	975;;1,1,1,1,0;0,1,1,1,1	2,1	2
512;;1,0,0,0,0;0,0,0,0,0	986;;1,1,1,1,0;1,1,0,1,0	1	1018;;1,1,1,1,1;1,1,0,1,0	2,0	1
512;;1,0,0,0,0;0,0,0,0,0	986;;1,1,1,1,0;1,1,0,1,0	1	990;;1,1,1,1,0;1,1,1,1,0	2,1	2
512;;1,0,0,0,0;0,0,0,0,0	986;;1,1,1,1,0;1,1,0,1,0	1	987;;1,1,1,1,0;1,1,0,1,1	2,0	2
512;;1,0,0,0,0;0,0,0,0,0	985;;1,1,1,1,0;1,1,0,0,1	1	1020;;1,1,1,1,1;1,1,1,0,0	2,1	1
512;;1,0,0,0,0;0,0,0,0,0	985;;1,1,1,1,0;1,1,0,0,1	1	989;;1,1,1,1,0;1,1,1,0,1	1,1	2
512;;1,0,0,0,0;0,0,0,0,0	985;;1,1,1,1,0;1,1,0,0,1	1	987;;1,1,1,1,0;1,1,0,1,1	1,1	2
512;;1,0,0,0,0;0,0,0,0,0	1020;;1,1,1,1,1;1,1,1,0,0	2	1022;;1,1,1,1,1;1,1,1,1,0	1,1	2
512;;1,0,0,0,0;0,0,0,0,0	1018;;1,1,1,1,1;1,1,0,1,0	2	1022;;1,1,1,1,1;1,1,1,1,0	2,1	2
512;;1,0,0,0,0;0,0,0,0,0	975;;1,1,1,1,0;0,1,1,1,1	2	1022;;1,1,1,1,1;1,1,1,1,0	2,1	1
512;;1,0,0,0,0;0,0,0,0,0	990;;1,1,1,1,0;1,1,1,1,0	2	1022;;1,1,1,1,1;1,1,1,1,0	2,0	1
512;;1,0,0,0,0;0,0,0,0,0	989;;1,1,1,1,0;1,1,1,0,1	2	1022;;1,1,1,1,1;1,1,1,1,0	2,1	1
512;;1,0,0,0,0;0,0,0,0,0	983;;1,1,1,1,0;1,0,1,1,1	2	1022;;1,1,1,1,1;1,1,1,1,0	2,1	1
512;;1,0,0,0,0;0,0,0,0,0	987;;1,1,1,1,0;1,1,0,1,1	2	1022;;1,1,1,1,1;1,1,1,1,0	2,1	1
512;;1,0,0,0,0;0,0,0,0,0	1022;;1,1,1,1,1;1,1,1,1,0	1	1023;;1,1,1,1,1;1,1,1,1,1	2,1	10
768;;1,1,0,0,0;0,0,0,0,0	768;;1,1,0,0,0;0,0,0,0,0	2	960;;1,1,1,1,0;0,0,0,0,0	1,0	1
768;;1,1,0,0,0;0,0,0,0,0	768;;1,1,0,0,0;0,0,0,0,0	1	785;;1,1,0,0,0;1,0,0,0,1	0,1	1
768;;1,1,0,0,0;0,0,0,0,0	768;;1,1,0,0,0;0,0,0,0,0	1	792;;1,1,0,0,0;1,1,0,0,0	0,2	1
768;;1,1,0,0,0;0,0,0,0,0	768;;1,1,0,0,0;0,0,0,0,0	1	780;;1,1,0,0,0;0,1,1,0,0	0,1	1
768;;1,1,0,0,0;0,0,0,0,0	528;;1,0,0,0,0;1,0,0,0,0	2	900;;1,1,1,0,0;0,0,1,0,0	1,0	1
768;;1,1,0,0,0;0,0,0,0,0	528;;1,0,0,0,0;1,0,0,0,0	2	912;;1,1,1,0,0;1,0,0,0,0	1,0	1
768;;1,1,0,0,0;0,0,0,0,0	896;;1,1,1,0,0;0,0,0,0,0	1	992;;1,1,1,1,1;0,0,0,0,0	2,0	5
768;;1,1,0,0,0;0,0,0,0,0	896;;1,1,1,0,0;0,0,0,0,0	1	920;;1,1,1,0,0;1,1,0,0,0	0,2	1
768;;1,1,0,0,0;0,0,0,0,0	896;;1,1,1,0,0;0,0,0,0,0	1	908;;1,1,1,0,0;0,1,1,0,0	0,2	1
768;;1,1,0,0,0;0,0,0,0,0	896;;1,1,1,0,0;0,0,0,0,0	1	902;;1,1,1,0,0;0,0,1,1,0	0,1	1
768;;1,1,0,0,0;0,0,0,0,0	896;;1,1,1,0,0;0,0,0,0,0	1	913;;1,1,1,0,0;1,0,0,0,1	0,1	1
768;;1,1,0,0,0;0,0,0,0,0	784;;1,1,0,0,0;1,0,0,0,0	1	964;;1,1,1,1,0;0,0,1,0,0	1,0	1
768;;1,1,0,0,0;0,0,0,0,0	784;;1,1,0,0,0;1,0,0,0,0	1	976;;1,1,1,1,0;1,0,0,0,0	1,0	1
768;;1,1,0,0,0;0,0,0,0,0	784;;1,1,0,0,0;1,0,0,0,0	1	913;;1,1,1,0,0;1,0,0,0,1	1,0	1
768;;1,1,0,0,0;0,0,0,0,0	784;;1,1,0,0,0;1,0,0,0,0	1	908;;1,1,1,0,0;0,1,1,0,0	1,1	1
768;;1,1,0,0,0;0,0,0,0,0	776;;1,1,0,0,0;0,1,0,0,0	1	962;;1,1,1,1,0;0,0,0,1,0	1,0	1
768;;1,1,0,0,0;0,0,0,0,0	776;;1,1,0,0,0;0,1,0,0,0	1	968;;1,1,1,1,0;0,1,0,0,0	1,0	1
768;;1,1,0,0,0;0,0,0,0,0	776;;1,1,0,0,0;0,1,0,0,0	1	920;;1,1,1,0,0;1,1,0,0,0	1,1	1
768;;1,1,0,0,0;0,0,0,0,0	776;;1,1,0,0,0;0,1,0,0,0	1	902;;1,1,1,0,0;0,0,1,1,0	1,0	1
768;;1,1,0,0,0;0,0,0,0,0	960;;1,1,1,1,0;0,0,0,0,0	1	966;;1,1,1,1,0;0,0,1,1,0	0,2	1
768;;1,1,0,0,0;0,0,0,0,0	960;;1,1,1,1,0;0,0,0,0,0	1	963;;1,1,1,1,0;0,0,0,1,1	0,1	1
768;;1,1,0,0,0;0,0,0,0,0	960;;1,1,1,1,0;0,0,0,0,0	1	977;;1,1,1,1,0;1,0,0,0,1	0,1	1
768;;1,1,0,0,0;0,0,0,0,0	960;;1,1,1,1,0;0,0,0,0,0	1	984;;1,1,1,1,0;1,1,0,0,0	0,2	1
768;;1,1,0,0,0;0,0,0,0,0	960;;1,1,1,1,0;0,0,0,0,0	1	972;;1,1,1,1,0;0,1,1,0,0	0,2	1
768;;1,1,0,0,0;0,0,0,0,0	904;;1,1,1,0,0;0,1,0,0,0	1	1008;;1,1,1,1,1;1,0,0,0,0	2,0	1
768;;1,1,0,0,0;0,0,0,0,0	904;;1,1,1,0,0;0,1,0,0,0	1	921;;1,1,1,0,0;1,1,0,0,1	1,1	2
768;;1,1,0,0,0;0,0,0,0,0	904;;1,1,1,0,0;0,1,0,0,0	1	910;;1,1,1,0,0;0,1,1,1,0	1,1	2
768;;1,1,0,0,0;0,0,0,0,0	900;;1,1,1,0,0;0,0,1,0,0	1	1008;;1,1,1,1,1;1,0,0,0,0	2,0	1
768;;1,1,0,0,0;0,0,0,0,0	900;;1,1,1,0,0;0,0,1,0,0	1	924;;1,1,1,0,0;1,1,1,0,0	1,2	2
768;;1,1,0,0,0;0,0,0,0,0	900;;1,1,1,0,0;0,0,1,0,0	1	903;;1,1,1,0,0;0,0,1,1,1	1,0	2
768;;1,1,0,0,0;0,0,0,0,0	900;;1,1,1,0,0;0,0,1,0,0	1	917;;1,1,1,0,0;1,0,1,0,1	0,1	1
768;;1,1,0,0,0;0,0,0,0,0	912;;1,1,1,0,0;1,0,0,0,0	1	1008;;1,1,1,1,1;1,0,0,0,0	2,0	1
768;;1,1,0,0,0;0,0,0,0,0	912;;1,1,1,0,0;1,0,0,0,0	1	915;;1,1,1,0,0;1,0,0,1,1	1,0	2
768;;1,1,0,0,0;0,0,0,0,0	912;;1,1,1,0,0;1,0,0,0,0	1	924;;1,1,1,0,0;1,1,1,0,0	1,2	2
768;;1,1,0,0,0;0,0,0,0,0	912;;1,1,1,0,0;1,0,0,0,0	1	918;;1,1,1,0,0;1,0,1,1,0	0,1	1
768;;1,1,0,0,0;0,0,0,0,0	785;;1,1,0,0,0;1,0,0,0,1	2	972;;1,1,1,1,0;0,1,1,0,0	1,1	1
768;;1,1,0,0,0;0,0,0,0,0	785;;1,1,0,0,0;1,0,0,0,1	2	977;;1,1,1,1,0;1,0,0,0,1	1,0	1
768;;1,1,0,0,0;0,0,0,0,0	792;;1,1,0,0,0;1,1,0,0,0	2	966;;1,1,1,1,0;0,0,1,1,0	1,0	1
768;;1,1,0,0,0;0,0,0,0,0	792;;1,1,0,0,0;1,1,0,0,0	2	984;;1,1,1,1,0;1,1,0,0,0	1,0	1
768;;1,1,0,0,0;0,0,0,0,0	780;;1,1,0,0,0;0,1,1,0,0	2	963;;1,1,1,1,0;0,0,0,1,1	1,0	1
768;;1,1,0,0,0;0,0,0,0,0	780;;1,1,0,0,0;0,1,1,0,0	2	972;;1,1,1,1,0;0,1,1,0,0	1,1	1
768;;1,1,0,0,0;0,0,0,0,0	992;;1,1,1,1,1;0,0,0,0,0	5	1016;;1,1,1,1,1;1,1,0,0,0	0,2	1
768;;1,1,0,0,0;0,0,0,0,0	964;;1,1,1,1,0;0,0,1,0,0	1	967;;1,1,1,1,0;0,0,1,1,1	1,1	1
768;;1,1,0,0,0;0,0,0,0,0	964;;1,1,1,1,0;0,0,1,0,0	1	981;;1,1,1,1,0;1,0,1,0,1	0,1	1
768;;1,1,0,0,0;0,0,0,0,0	964;;1,1,1,1,0;0,0,1,0,0	1	988;;1,1,1,1,0;1,1,1,0,0	1,2	1
768;;1,1,0,0,0;0,0,0,0,0	962;;1,1,1,1,0;0,0,0,1,0	1	979;;1,1,1,1,0;1,0,0,1,1	1,1	1
768;;1,1,0,0,0;0,0,0,0,0	962;;1,1,1,1,0;0,0,0,1,0	1	986;;1,1,1,1,0;1,1,0,1,0	0,2	1
768;;1,1,0,0,0;0,0,0,0,0	962;;1,1,1,1,0;0,0,0,1,0	1	974;;1,1,1,1,0;0,1,1,1,0	1,2	1
768;;1,1,0,0,0;0,0,0,0,0	976;;1,1,1,1,0;1,0,0,0,0	1	988;;1,1,1,1,0;1,1,1,0,0	1,2	1
768;;1,1,0,0,0;0,0,0,0,0	976;;1,1,1,1,0;1,0,0,0,0	1	982;;1,1,1,1,0;1,0,1,1,0	0,2	1
768;;1,1,0,0,0;0,0,0,0,0	976;;1,1,1,1,0;1,0,0,0,0	1	979;;1,1,1,1,0;1,0,0,1,1	1,1	1
768;;1,1,0,0,0;0,0,0,0,0	968;;1,1,1,1,0;0,1,0,0,0	1	974;;1,1,1,1,0;0,1,1,1,0	1,2	1
768;;1,1,0,0,0;0,0,0,0,0	968;;1,1,1,1,0;0,1,0,0,0	1	971;;1,1,1,1,0;0,1,0,1,1	0,1	1
768;;1,1,0,0,0;0,0,0,0,0	968;;1,1,1,1,0;0,1,0,0,0	1	985;;1,1,1,1,0;1,1,0,0,1	1,1	1
768;;1,1,0,0,0;0,0,0,0,0	920;;1,1,1,0,0;1,1,0,0,0	1	1016;;1,1,1,1,1;1,1,0,0,0	2,0	1
768;;1,1,0,0,0;0,0,0,0,0	920;;1,1,1,0,0;1,1,0,0,0	1	974;;1,1,1,1,0;0,1,1,1,0	1,1	1
768;;1,1,0,0,0;0,0,0,0,0	920;;1,1,1,0,0;1,1,0,0,0	1	985;;1,1,1,1,0;1,1,0,0,1	1,0	1
768;;1,1,0,0,0;0,0,0,0,0	908;;1,1,1,0,0;0,1,1,0,0	1	1016;;1,1,1,1,1;1,1,0,0,0	2,0	1
768;;1,1,0,0,0;0,0,0,0,0	908;;1,1,1,0,0;0,1,1,0,0	1	967;;1,1,1,1,0;0,0,1,1,1	1,0	1
768;;1,1,0,0,0;0,0,0,0,0	908;;1,1,1,0,0;0,1,1,0,0	1	988;;1,1,1,1,0;1,1,1,0,0	1,1	1
768;;1,1,0,0,0;0,0,0,0,0	902;;1,1,1,0,0;0,0,1,1,0	1	1016;;1,1,1,1,1;1,1,0,0,0	2,1	1
768;;1,1,0,0,0;0,0,0,0,0	902;;1,1,1,0,0;0,0,1,1,0	1	979;;1,1,1,1,0;1,0,0,1,1	1,1	1
768;;1,1,0,0,0;0,0,0,0,0	902;;1,1,1,0,0;0,0,1,1,0	1	974;;1,1,1,1,0;0,1,1,1,0	1,2	1
768;;1,1,0,0,0;0,0,0,0,0	916;;1,1,1,0,0;1,0,1,0,0	1	1012;;1,1,1,1,1;1,0,1,0,0	2,0	1
768;;1,1,0,0,0;0,0,0,0,0	916;;1,1,1,0,0;1,0,1,0,0	1	979;;1,1,1,1,0;1,0,0,1,1	2,0	1
768;;1,1,0,0,0;0,0,0,0,0	913;;1,1,1,0,0;1,0,0,0,1	1	1016;;1,1,1,1,1;1,1,0,0,0	2,1	1
768;;1,1,0,0,0;0,0,0,0,0	913;;1,1,1,0,0;1,0,0,0,1	1	988;;1,1,1,1,0;1,1,1,0,0	1,2	1
768;;1,1,0,0,0;0,0,0,0,0	913;;1,1,1,0,0;1,0,0,0,1	1	979;;1,1,1,1,0;1,0,0,1,1	1,1	1
768;;1,1,0,0,0;0,0,0,0,0	1008;;1,1,1,1,1;1,0,0,0,0	2	1020;;1,1,1,1,1;1,1,1,0,0	1,2	2
768;;1,1,0,0,0;0,0,0,0,0	1008;;1,1,1,1,1;1,0,0,0,0	1	1018;;1,1,1,1,1;1,1,0,1,0	0,2	1
768;;1,1,0,0,0;0,0,0,0,0	972;;1,1,1,1,0;0,1,1,0,0	1	975;;1,1,1,1,0;0,1,1,1,1	1,1	2
768;;1,1,0,0,0;0,0,0,0,0	972;;1,1,1,1,0;0,1,1,0,0	1	989;;1,1,1,1,0;1,1,1,0,1	1,1	2
768;;1,1,0,0,0;0,0,0,0,0	966;;1,1,1,1,0;0,0,1,1,0	1	983;;1,1,1,1,0;1,0,1,1,1	1,1	2
768;;1,1,0,0,0;0,0,0,0,0	966;;1,1,1,1,0;0,0,1,1,0	1	990;;1,1,1,1,0;1,1,1,1,0	1,2	2
768;;1,1,0,0,0;0,0,0,0,0	980;;1,1,1,1,0;1,0,1,0,0	1	983;;1,1,1,1,0;1,0,1,1,1	2,1	2
768;;1,1,0,0,0;0,0,0,0,0	963;;1,1,1,1,0;0,0,0,1,1	1	987;;1,1,1,1,0;1,1,0,1,1	1,2	2
768;;1,1,0,0,0;0,0,0,0,0	963;;1,1,1,1,0;0,0,0,1,1	1	975;;1,1,1,1,0;0,1,1,1,1	1,2	2
768;;1,1,0,0,0;0,0,0,0,0	978;;1,1,1,1,0;1,0,0,1,0	1	990;;1,1,1,1,0;1,1,1,1,0	2,2	2
768;;1,1,0,0,0;0,0,0,0,0	970;;1,1,1,1,0;0,1,0,1,0	1	987;;1,1,1,1,0;1,1,0,1,1	2,1	2
768;;1,1,0,0,0;0,0,0,0,0	977;;1,1,1,1,0;1,0,0,0,1	1	989;;1,1,1,1,0;1,1,1,0,1	1,2	2
768;;1,1,0,0,0;0,0,0,0,0	977;;1,1,1,1,0;1,0,0,0,1	1	983;;1,1,1,1,0;1,0,1,1,1	1,2	2
768;;1,1,0,0,0;0,0,0,0,0	984;;1,1,1,1,0;1,1,0,0,0	1	990;;1,1,1,1,0;1,1,1,1,0	1,2	2
768;;1,1,0,0,0;0,0,0,0,0	984;;1,1,1,1,0;1,1,0,0,0	1	987;;1,1,1,1,0;1,1,0,1,1	1,1	2
768;;1,1,0,0,0;0,0,0,0,0	924;;1,1,1,0,0;1,1,1,0,0	2	1020;;1,1,1,1,1;1,1,1,0,0	2,0	1
768;;1,1,0,0,0;0,0,0,0,0	921;;1,1,1,0,0;1,1,0,0,1	2	1020;;1,1,1,1,1;1,1,1,0,0	2,1	1
768;;1,1,0,0,0;0,0,0,0,0	910;;1,1,1,0,0;0,1,1,1,0	2	1020;;1,1,1,1,1;1,1,1,0,0	2,1	1
768;;1,1,0,0,0;0,0,0,0,0	903;;1,1,1,0,0;0,0,1,1,1	2	1020;;1,1,1,1,1;1,1,1,0,0	2,2	1
768;;1,1,0,0,0;0,0,0,0,0	918;;1,1,1,0,0;1,0,1,1,0	1	1018;;1,1,1,1,1;1,1,0,1,0	2,1	1
768;;1,1,0,0,0;0,0,0,0,0	917;;1,1,1,0,0;1,0,1,0,1	1	1018;;1,1,1,1,1;1,1,0,1,0	2,1	1
768;;1,1,0,0,0;0,0,0,0,0	915;;1,1,1,0,0;1,0,0,1,1	2	1020;;1,1,1,1,1;1,1,1,0,0	2,2	1
768;;1,1,0,0,0;0,0,0,0,0	1016;;1,1,1,1,1;1,1,0,0,0	2	1022;;1,1,1,1,1;1,1,1,1,0	1,2	2
768;;1,1,0,0,0;0,0,0,0,0	1012;;1,1,1,1,1;1,0,1,0,0	1	1022;;1,1,1,1,1;1,1,1,1,0	2,2	1
768;;1,1,0,0,0;0,0,0,0,0	974;;1,1,1,1,0;0,1,1,1,0	1	1022;;1,1,1,1,1;1,1,1,1,0	2,1	1
768;;1,1,0,0,0;0,0,0,0,0	988;;1,1,1,1,0;1,1,1,0,0	1	1022;;1,1,1,1,1;1,1,1,1,0	2,1	1
768;;1,1,0,0,0;0,0,0,0,0	967;;1,1,1,1,0;0,0,1,1,1	1	1022;;1,1,1,1,1;1,1,1,1,0	2,2	1
768;;1,1,0,0,0;0,0,0,0,0	979;;1,1,1,1,0;1,0,0,1,1	1	1022;;1,1,1,1,1;1,1,1,1,0	2,2	1
768;;1,1,0,0,0;0,0,0,0,0	985;;1,1,1,1,0;1,1,0,0,1	1	1022;;1,1,1,1,1;1,1,1,1,0	2,2	1
768;;1,1,0,0,0;0,0,0,0,0	1020;;1,1,1,1,1;1,1,1,0,0	1	1023;;1,1,1,1,1;1,1,1,1,1	2,2	10
528;;1,0,0,0,0;1,0,0,0,0	528;;1,0,0,0,0;1,0,0,0,0	4	792;;1,1,0,0,0;1,1,0,0,0	2,0	1
528;;1,0,0,0,0;1,0,0,0,0	896;;1,1,1,0,0;0,0,0,0,0	2	976;;1,1,1,1,0;1,0,0,0,0	1,0	1
528;;1,0,0,0,0;1,0,0,0,0	896;;1,1,1,0,0;0,0,0,0,0	2	962;;1,1,1,1,0;0,0,0,1,0	1,0	1
528;;1,0,0,0,0;1,0,0,0,0	784;;1,1,0,0,0;1,0,0,0,0	2	920;;1,1,1,0,0;1,1,0,0,0	2,0	1
528;;1,0,0,0,0;1,0,0,0,0	784;;1,1,0,0,0;1,0,0,0,0	2	916;;1,1,1,0,0;1,0,1,0,0	1,0	1
528;;1,0,0,0,0;1,0,0,0,0	776;;1,1,0,0,0;0,1,0,0,0	2	916;;1,1,1,0,0;1,0,1,0,0	1,0	1
528;;1,0,0,0,0;1,0,0,0,0	776;;1,1,0,0,0;0,1,0,0,0	2	908;;1,1,1,0,0;0,1,1,0,0	2,0	1
528;;1,0,0,0,0;1,0,0,0,0	960;;1,1,1,1,0;0,0,0,0,0	2	1008;;1,1,1,1,1;1,0,0,0,0	2,0	1
528;;1,0,0,0,0;1,0,0,0,0	904;;1,1,1,0,0;0,1,0,0,0	2	980;;1,1,1,1,0;1,0,1,0,0	1,0	1
528;;1,0,0,0,0;1,0,0,0,0	904;;1,1,1,0,0;0,1,0,0,0	2	970;;1,1,1,1,0;0,1,0,1,0	1,0	1
528;;1,0,0,0,0;1,0,0,0,0	900;;1,1,1,0,0;0,0,1,0,0	2	978;;1,1,1,1,0;1,0,0,1,0	1,0	1
528;;1,0,0,0,0;1,0,0,0,0	900;;1,1,1,0,0;0,0,1,0,0	2	966;;1,1,1,1,0;0,0,1,1,0	2,0	1
528;;1,0,0,0,0;1,0,0,0,0	912;;1,1,1,0,0;1,0,0,0,0	2	984;;1,1,1,1,0;1,1,0,0,0	2,0	1
528;;1,0,0,0,0;1,0,0,0,0	912;;1,1,1,0,0;1,0,0,0,0	2	978;;1,1,1,1,0;1,0,0,1,0	1,0	1
528;;1,0,0,0,0;1,0,0,0,0	785;;1,1,0,0,0;1,0,0,0,1	4	917;;1,1,1,0,0;1,0,1,0,1	1,0	1
528;;1,0,0,0,0;1,0,0,0,0	792;;1,1,0,0,0;1,1,0,0,0	4	924;;1,1,1,0,0;1,1,1,0,0	2,0	2
528;;1,0,0,0,0;1,0,0,0,0	780;;1,1,0,0,0;0,1,1,0,0	4	918;;1,1,1,0,0;1,0,1,1,0	1,0	1
528;;1,0,0,0,0;1,0,0,0,0	964;;1,1,1,1,0;0,0,1,0,0	2	1012;;1,1,1,1,1;1,0,1,0,0	2,0	1
528;;1,0,0,0,0;1,0,0,0,0	962;;1,1,1,1,0;0,0,0,1,0	2	1016;;1,1,1,1,1;1,1,0,0,0	3,0	1
528;;1,0,0,0,0;1,0,0,0,0	976;;1,1,1,1,0;1,0,0,0,0	2	1016;;1,1,1,1,1;1,1,0,0,0	3,0	1
528;;1,0,0,0,0;1,0,0,0,0	968;;1,1,1,1,0;0,1,0,0,0	2	1012;;1,1,1,1,1;1,0,1,0,0	2,0	1
528;;1,0,0,0,0;1,0,0,0,0	920;;1,1,1,0,0;1,1,0,0,0	2	988;;1,1,1,1,0;1,1,1,0,0	2,0	1
528;;1,0,0,0,0;1,0,0,0,0	920;;1,1,1,0,0;1,1,0,0,0	2	986;;1,1,1,1,0;1,1,0,1,0	1,0	1
528;;1,0,0,0,0;1,0,0,0,0	908;;1,1,1,0,0;0,1,1,0,0	2	982;;1,1,1,1,0;1,0,1,1,0	1,0	1
528;;1,0,0,0,0;1,0,0,0,0	908;;1,1,1,0,0;0,1,1,0,0	2	974;;1,1,1,1,0;0,1,1,1,0	2,0	1
528;;1,0,0,0,0;1,0,0,0,0	902;;1,1,1,0,0;0,0,1,1,0	2	979;;1,1,1,1,0;1,0,0,1,1	2,0	1
528;;1,0,0,0,0;1,0,0,0,0	916;;1,1,1,0,0;1,0,1,0,0	2	986;;1,1,1,1,0;1,1,0,1,0	2,0	1
528;;1,0,0,0,0;1,0,0,0,0	916;;1,1,1,0,0;1,0,1,0,0	2	982;;1,1,1,1,0;1,0,1,1,0	2,0	1
528;;1,0,0,0,0;1,0,0,0,0	913;;1,1,1,0,0;1,0,0,0,1	2	979;;1,1,1,1,0;1,0,0,1,1	2,0	1
528;;1,0,0,0,0;1,0,0,0,0	972;;1,1,1,1,0;0,1,1,0,0	2	1018;;1,1,1,1,1;1,1,0,1,0	2,0	1
528;;1,0,0,0,0;1,0,0,0,0	966;;1,1,1,1,0;0,0,1,1,0	2	1020;;1,1,1,1,1;1,1,1,0,0	3,0	1
528;;1,0,0,0,0;1,0,0,0,0	980;;1,1,1,1,0;1,0,1,0,0	2	1018;;1,1,1,1,1;1,1,0,1,0	3,0	1
528;;1,0,0,0,0;1,0,0,0,0	978;;1,1,1,1,0;1,0,0,1,0	2	1020;;1,1,1,1,1;1,1,1,0,0	4,0	1
528;;1,0,0,0,0;1,0,0,0,0	970;;1,1,1,1,0;0,1,0,1,0	2	1018;;1,1,1,1,1;1,1,0,1,0	3,0	1
528;;1,0,0,0,0;1,0,0,0,0	984;;1,1,1,1,0;1,1,0,0,0	2	1020;;1,1,1,1,1;1,1,1,0,0	3,0	1
528;;1,0,0,0,0;1,0,0,0,0	924;;1,1,1,0,0;1,1,1,0,0	4	990;;1,1,1,1,0;1,1,1,1,0	2,0	2
528;;1,0,0,0,0;1,0,0,0,0	921;;1,1,1,0,0;1,1,0,0,1	2	987;;1,1,1,1,0;1,1,0,1,1	2,0	1
528;;1,0,0,0,0;1,0,0,0,0	910;;1,1,1,0,0;0,1,1,1,0	2	983;;1,1,1,1,0;1,0,1,1,1	2,0	1
528;;1,0,0,0,0;1,0,0,0,0	918;;1,1,1,0,0;1,0,1,1,0	2	987;;1,1,1,1,0;1,1,0,1,1	3,0	2
528;;1,0,0,0,0;1,0,0,0,0	917;;1,1,1,0,0;1,0,1,0,1	2	983;;1,1,1,1,0;1,0,1,1,1	3,0	2
528;;1,0,0,0,0;1,0,0,0,0	974;;1,1,1,1,0;0,1,1,1,0	2	1022;;1,1,1,1,1;1,1,1,1,0	3,0	1
528;;1,0,0,0,0;1,0,0,0,0	988;;1,1,1,1,0;1,1,1,0,0	2	1022;;1,1,1,1,1;1,1,1,1,0	3,0	1
528;;1,0,0,0,0;1,0,0,0,0	982;;1,1,1,1,0;1,0,1,1,0	2	1022;;1,1,1,1,1;1,1,1,1,0	4,0	1
528;;1,0,0,0,0;1,0,0,0,0	986;;1,1,1,1,0;1,1,0,1,0	2	1022;;1,1,1,1,1;1,1,1,1,0	4,0	1
528;;1,0,0,0,0;1,0,0,0,0	990;;1,1,1,1,0;1,1,1,1,0	2	1023;;1,1,1,1,1;1,1,1,1,1	4,0	5
896;;1,1,1,0,0;0,0,0,0,0	896;;1,1,1,0,0;0,0,0,0,0	1	924;;1,1,1,0,0;1,1,1,0,0	0,3	1
896;;1,1,1,0,0;0,0,0,0,0	896;;1,1,1,0,0;0,0,0,0,0	1	910;;1,1,1,0,0;0,1,1,1,0	0,2	1
896;;1,1,1,0,0;0,0,0,0,0	896;;1,1,1,0,0;0,0,0,0,0	1	903;;1,1,1,0,0;0,0,1,1,1	0,1	1
896;;1,1,1,0,0;0,0,0,0,0	896;;1,1,1,0,0;0,0,0,0,0	1	915;;1,1,1,0,0;1,0,0,1,1	0,1	1
896;;1,1,1,0,0;0,0,0,0,0	896;;1,1,1,0,0;0,0,0,0,0	1	921;;1,1,1,0,0;1,1,0,0,1	0,2	1
896;;1,1,1,0,0;0,0,0,0,0	784;;1,1,0,0,0;1,0,0,0,0	1	1008;;1,1,1,1,1;1,0,0,0,0	2,0	1
896;;1,1,1,0,0;0,0,0,0,0	784;;1,1,0,0,0;1,0,0,0,0	1	977;;1,1,1,1,0;1,0,0,0,1	1,0	1
896;;1,1,1,0,0;0,0,0,0,0	784;;1,1,0,0,0;1,0,0,0,0	1	966;;1,1,1,1,0;0,0,1,1,0	1,1	1
896;;1,1,1,0,0;0,0,0,0,0	776;;1,1,0,0,0;0,1,0,0,0	1	1008;;1,1,1,1,1;1,0,0,0,0	2,0	1
896;;1,1,1,0,0;0,0,0,0,0	776;;1,1,0,0,0;0,1,0,0,0	1	984;;1,1,1,1,0;1,1,0,0,0	1,1	1
896;;1,1,1,0,0;0,0,0,0,0	776;;1,1,0,0,0;0,1,0,0,0	1	963;;1,1,1,1,0;0,0,0,1,1	1,0	1
896;;1,1,1,0,0;0,0,0,0,0	960;;1,1,1,1,0;0,0,0,0,0	1	974;;1,1,1,1,0;0,1,1,1,0	0,3	1
896;;1,1,1,0,0;0,0,0,0,0	960;;1,1,1,1,0;0,0,0,0,0	1	967;;1,1,1,1,0;0,0,1,1,1	0,2	1
896;;1,1,1,0,0;0,0,0,0,0	960;;1,1,1,1,0;0,0,0,0,0	1	979;;1,1,1,1,0;1,0,0,1,1	0,2	1
896;;1,1,1,0,0;0,0,0,0,0	960;;1,1,1,1,0;0,0,0,0,0	1	985;;1,1,1,1,0;1,1,0,0,1	0,2	1
896;;1,1,1,0,0;0,0,0,0,0	960;;1,1,1,1,0;0,0,0,0,0	1	988;;1,1,1,1,0;1,1,1,0,0	0,3	1
896;;1,1,1,0,0;0,0,0,0,0	904;;1,1,1,0,0;0,1,0,0,0	1	967;;1,1,1,1,0;0,0,1,1,1	1,1	1
896;;1,1,1,0,0;0,0,0,0,0	904;;1,1,1,0,0;0,1,0,0,0	1	985;;1,1,1,1,0;1,1,0,0,1	1,1	1
896;;1,1,1,0,0;0,0,0,0,0	900;;1,1,1,0,0;0,0,1,0,0	1	979;;1,1,1,1,0;1,0,0,1,1	1,1	1
896;;1,1,1,0,0;0,0,0,0,0	900;;1,1,1,0,0;0,0,1,0,0	1	988;;1,1,1,1,0;1,1,1,0,0	1,2	1
896;;1,1,1,0,0;0,0,0,0,0	912;;1,1,1,0,0;1,0,0,0,0	1	974;;1,1,1,1,0;0,1,1,1,0	1,2	1
896;;1,1,1,0,0;0,0,0,0,0	912;;1,1,1,0,0;1,0,0,0,0	1	979;;1,1,1,1,0;1,0,0,1,1	1,1	1
896;;1,1,1,0,0;0,0,0,0,0	785;;1,1,0,0,0;1,0,0,0,1	2	1016;;1,1,1,1,1;1,1,0,0,0	2,1	1
896;;1,1,1,0,0;0,0,0,0,0	792;;1,1,0,0,0;1,1,0,0,0	2	1016;;1,1,1,1,1;1,1,0,0,0	2,0	1
896;;1,1,1,0,0;0,0,0,0,0	780;;1,1,0,0,0;0,1,1,0,0	2	1016;;1,1,1,1,1;1,1,0,0,0	2,1	1
896;;1,1,1,0,0;0,0,0,0,0	992;;1,1,1,1,1;0,0,0,0,0	5	1020;;1,1,1,1,1;1,1,1,0,0	0,3	1
896;;1,1,1,0,0;0,0,0,0,0	964;;1,1,1,1,0;0,0,1,0,0	1	983;;1,1,1,1,0;1,0,1,1,1	1,2	2
896;;1,1,1,0,0;0,0,0,0,0	964;;1,1,1,1,0;0,0,1,0,0	1	989;;1,1,1,1,0;1,1,1,0,1	1,2	2
896;;1,1,1,0,0;0,0,0,0,0	962;;1,1,1,1,0;0,0,0,1,0	1	987;;1,1,1,1,0;1,1,0,1,1	1,2	2
896;;1,1,1,0,0;0,0,0,0,0	962;;1,1,1,1,0;0,0,0,1,0	1	990;;1,1,1,1,0;1,1,1,1,0	1,3	2
896;;1,1,1,0,0;0,0,0,0,0	976;;1,1,1,1,0;1,0,0,0,0	1	990;;1,1,1,1,0;1,1,1,1,0	1,3	2
896;;1,1,1,0,0;0,0,0,0,0	976;;1,1,1,1,0;1,0,0,0,0	1	983;;1,1,1,1,0;1,0,1,1,1	1,2	2
896;;1,1,1,0,0;0,0,0,0,0	968;;1,1,1,1,0;0,1,0,0,0	1	975;;1,1,1,1,0;0,1,1,1,1	1,2	2
896;;1,1,1,0,0;0,0,0,0,0	968;;1,1,1,1,0;0,1,0,0,0	1	987;;1,1,1,1,0;1,1,0,1,1	1,2	2
896;;1,1,1,0,0;0,0,0,0,0	920;;1,1,1,0,0;1,1,0,0,0	1	1020;;1,1,1,1,1;1,1,1,0,0	2,1	1
896;;1,1,1,0,0;0,0,0,0,0	908;;1,1,1,0,0;0,1,1,0,0	1	1020;;1,1,1,1,1;1,1,1,0,0	2,1	1
896;;1,1,1,0,0;0,0,0,0,0	902;;1,1,1,0,0;0,0,1,1,0	1	1020;;1,1,1,1,1;1,1,1,0,0	2,2	1
896;;1,1,1,0,0;0,0,0,0,0	913;;1,1,1,0,0;1,0,0,0,1	1	1020;;1,1,1,1,1;1,1,1,0,0	2,2	1
896;;1,1,1,0,0;0,0,0,0,0	1008;;1,1,1,1,1;1,0,0,0,0	2	1022;;1,1,1,1,1;1,1,1,1,0	1,3	2
896;;1,1,1,0,0;0,0,0,0,0	972;;1,1,1,1,0;0,1,1,0,0	1	1022;;1,1,1,1,1;1,1,1,1,0	2,2	1
896;;1,1,1,0,0;0,0,0,0,0	966;;1,1,1,1,0;0,0,1,1,0	1	1022;;1,1,1,1,1;1,1,1,1,0	2,2	1
896;;1,1,1,0,0;0,0,0,0,0	963;;1,1,1,1,0;0,0,0,1,1	1	1022;;1,1,1,1,1;1,1,1,1,0	2,3	1
896;;1,1,1,0,0;0,0,0,0,0	977;;1,1,1,1,0;1,0,0,0,1	1	1022;;1,1,1,1,1;1,1,1,1,0	2,3	1
896;;1,1,1,0,0;0,0,0,0,0	984;;1,1,1,1,0;1,1,0,0,0	1	1022;;1,1,1,1,1;1,1,1,1,0	2,2	1
896;;1,1,1,0,0;0,0,0,0,0	1016;;1,1,1,1,1;1,1,0,0,0	1	1023;;1,1,1,1,1;1,1,1,1,1	2,3	10
784;;1,1,0,0,0;1,0,0,0,0	784;;1,1,0,0,0;1,0,0,0,0	2	980;;1,1,1,1,0;1,0,1,0,0	1,0	1
784;;1,1,0,0,0;1,0,0,0,0	784;;1,1,0,0,0;1,0,0,0,0	1	921;;1,1,1,0,0;1,1,0,0,1	2,0	1
784;;1,1,0,0,0;1,0,0,0,0	784;;1,1,0,0,0;1,0,0,0,0	1	924;;1,1,1,0,0;1,1,1,0,0	2,1	1
784;;1,1,0,0,0;1,0,0,0,0	776;;1,1,0,0,0;0,1,0,0,0	1	978;;1,1,1,1,0;1,0,0,1,0	1,0	1
784;;1,1,0,0,0;1,0,0,0,0	776;;1,1,0,0,0;0,1,0,0,0	1	972;;1,1,1,1,0;0,1,1,0,0	2,0	1
784;;1,1,0,0,0;1,0,0,0,0	776;;1,1,0,0,0;0,1,0,0,0	1	918;;1,1,1,0,0;1,0,1,1,0	1,0	1
784;;1,1,0,0,0;1,0,0,0,0	776;;1,1,0,0,0;0,1,0,0,0	1	917;;1,1,1,0,0;1,0,1,0,1	1,0	1
784;;1,1,0,0,0;1,0,0,0,0	960;;1,1,1,1,0;0,0,0,0,0	1	1016;;1,1,1,1,1;1,1,0,0,0	2,1	1
784;;1,1,0,0,0;1,0,0,0,0	904;;1,1,1,0,0;0,1,0,0,0	1	1012;;1,1,1,1,1;1,0,1,0,0	2,0	1
784;;1,1,0,0,0;1,0,0,0,0	904;;1,1,1,0,0;0,1,0,0,0	1	974;;1,1,1,1,0;0,1,1,1,0	2,1	1
784;;1,1,0,0,0;1,0,0,0,0	904;;1,1,1,0,0;0,1,0,0,0	1	981;;1,1,1,1,0;1,0,1,0,1	1,0	1
784;;1,1,0,0,0;1,0,0,0,0	900;;1,1,1,0,0;0,0,1,0,0	1	1016;;1,1,1,1,1;1,1,0,0,0	3,0	1
784;;1,1,0,0,0;1,0,0,0,0	900;;1,1,1,0,0;0,0,1,0,0	1	979;;1,1,1,1,0;1,0,0,1,1	2,0	1
784;;1,1,0,0,0;1,0,0,0,0	912;;1,1,1,0,0;1,0,0,0,0	1	1012;;1,1,1,1,1;1,0,1,0,0	2,0	1
784;;1,1,0,0,0;1,0,0,0,0	912;;1,1,1,0,0;1,0,0,0,0	1	985;;1,1,1,1,0;1,1,0,0,1	2,0	1
784;;1,1,0,0,0;1,0,0,0,0	912;;1,1,1,0,0;1,0,0,0,0	1	982;;1,1,1,1,0;1,0,1,1,0	1,1	1
784;;1,1,0,0,0;1,0,0,0,0	785;;1,1,0,0,0;1,0,0,0,1	2	988;;1,1,1,1,0;1,1,1,0,0	2,1	1
784;;1,1,0,0,0;1,0,0,0,0	785;;1,1,0,0,0;1,0,0,0,1	2	981;;1,1,1,1,0;1,0,1,0,1	1,0	1
784;;1,1,0,0,0;1,0,0,0,0	792;;1,1,0,0,0;1,1,0,0,0	2	982;;1,1,1,1,0;1,0,1,1,0	1,0	1
784;;1,1,0,0,0;1,0,0,0,0	792;;1,1,0,0,0;1,1,0,0,0	2	988;;1,1,1,1,0;1,1,1,0,0	2,0	1
784;;1,1,0,0,0;1,0,0,0,0	780;;1,1,0,0,0;0,1,1,0,0	2	979;;1,1,1,1,0;1,0,0,1,1	2,0	1
784;;1,1,0,0,0;1,0,0,0,0	964;;1,1,1,1,0;0,0,1,0,0	1	1020;;1,1,1,1,1;1,1,1,0,0	3,1	1
784;;1,1,0,0,0;1,0,0,0,0	976;;1,1,1,1,0;1,0,0,0,0	1	1020;;1,1,1,1,1;1,1,1,0,0	3,1	1
784;;1,1,0,0,0;1,0,0,0,0	968;;1,1,1,1,0;0,1,0,0,0	1	1018;;1,1,1,1,1;1,1,0,1,0	2,1	1
784;;1,1,0,0,0;1,0,0,0,0	920;;1,1,1,0,0;1,1,0,0,0	1	1018;;1,1,1,1,1;1,1,0,1,0	2,0	1
784;;1,1,0,0,0;1,0,0,0,0	920;;1,1,1,0,0;1,1,0,0,0	1	990;;1,1,1,1,0;1,1,1,1,0	2,1	2
784;;1,1,0,0,0;1,0,0,0,0	920;;1,1,1,0,0;1,1,0,0,0	1	989;;1,1,1,1,0;1,1,1,0,1	2,0	2
784;;1,1,0,0,0;1,0,0,0,0	908;;1,1,1,0,0;0,1,1,0,0	1	1020;;1,1,1,1,1;1,1,1,0,0	3,0	1
784;;1,1,0,0,0;1,0,0,0,0	908;;1,1,1,0,0;0,1,1,0,0	1	983;;1,1,1,1,0;1,0,1,1,1	2,0	2
784;;1,1,0,0,0;1,0,0,0,0	916;;1,1,1,0,0;1,0,1,0,0	1	1018;;1,1,1,1,1;1,1,0,1,0	3,0	1
784;;1,1,0,0,0;1,0,0,0,0	916;;1,1,1,0,0;1,0,1,0,0	1	987;;1,1,1,1,0;1,1,0,1,1	3,0	2
784;;1,1,0,0,0;1,0,0,0,0	913;;1,1,1,0,0;1,0,0,0,1	1	1020;;1,1,1,1,1;1,1,1,0,0	3,1	1
784;;1,1,0,0,0;1,0,0,0,0	913;;1,1,1,0,0;1,0,0,0,1	1	983;;1,1,1,1,0;1,0,1,1,1	2,1	2
784;;1,1,0,0,0;1,0,0,0,0	972;;1,1,1,1,0;0,1,1,0,0	1	1022;;1,1,1,1,1;1,1,1,1,0	3,1	1
784;;1,1,0,0,0;1,0,0,0,0	980;;1,1,1,1,0;1,0,1,0,0	1	1022;;1,1,1,1,1;1,1,1,1,0	4,1	1
784;;1,1,0,0,0;1,0,0,0,0	984;;1,1,1,1,0;1,1,0,0,0	1	1022;;1,1,1,1,1;1,1,1,1,0	3,1	1
784;;1,1,0,0,0;1,0,0,0,0	924;;1,1,1,0,0;1,1,1,0,0	2	1022;;1,1,1,1,1;1,1,1,1,0	3,0	1
784;;1,1,0,0,0;1,0,0,0,0	921;;1,1,1,0,0;1,1,0,0,1	2	1022;;1,1,1,1,1;1,1,1,1,0	3,1	1
784;;1,1,0,0,0;1,0,0,0,0	917;;1,1,1,0,0;1,0,1,0,1	1	1022;;1,1,1,1,1;1,1,1,1,0	4,1	1
784;;1,1,0,0,0;1,0,0,0,0	988;;1,1,1,1,0;1,1,1,0,0	1	1023;;1,1,1,1,1;1,1,1,1,1	4,1	10
776;;1,1,0,0,0;0,1,0,0,0	776;;1,1,0,0,0;0,1,0,0,0	2	970;;1,1,1,1,0;0,1,0,1,0	1,0	1
776;;1,1,0,0,0;0,1,0,0,0	776;;1,1,0,0,0;0,1,0,0,0	1	924;;1,1,1,0,0;1,1,1,0,0	2,1	1
776;;1,1,0,0,0;0,1,0,0,0	776;;1,1,0,0,0;0,1,0,0,0	1	910;;1,1,1,0,0;0,1,1,1,0	2,0	1
776;;1,1,0,0,0;0,1,0,0,0	960;;1,1,1,1,0;0,0,0,0,0	1	1016;;1,1,1,1,1;1,1,0,0,0	2,1	1
776;;1,1,0,0,0;0,1,0,0,0	904;;1,1,1,0,0;0,1,0,0,0	1	1012;;1,1,1,1,1;1,0,1,0,0	2,0	1
776;;1,1,0,0,0;0,1,0,0,0	904;;1,1,1,0,0;0,1,0,0,0	1	988;;1,1,1,1,0;1,1,1,0,0	2,1	1
776;;1,1,0,0,0;0,1,0,0,0	904;;1,1,1,0,0;0,1,0,0,0	1	971;;1,1,1,1,0;0,1,0,1,1	1,0	1
776;;1,1,0,0,0;0,1,0,0,0	900;;1,1,1,0,0;0,0,1,0,0	1	1012;;1,1,1,1,1;1,0,1,0,0	2,0	1
776;;1,1,0,0,0;0,1,0,0,0	900;;1,1,1,0,0;0,0,1,0,0	1	967;;1,1,1,1,0;0,0,1,1,1	2,0	1
776;;1,1,0,0,0;0,1,0,0,0	900;;1,1,1,0,0;0,0,1,0,0	1	986;;1,1,1,1,0;1,1,0,1,0	1,1	1
776;;1,1,0,0,0;0,1,0,0,0	912;;1,1,1,0,0;1,0,0,0,0	1	1016;;1,1,1,1,1;1,1,0,0,0	3,0	1
776;;1,1,0,0,0;0,1,0,0,0	912;;1,1,1,0,0;1,0,0,0,0	1	979;;1,1,1,1,0;1,0,0,1,1	2,0	1
776;;1,1,0,0,0;0,1,0,0,0	785;;1,1,0,0,0;1,0,0,0,1	2	979;;1,1,1,1,0;1,0,0,1,1	2,0	1
776;;1,1,0,0,0;0,1,0,0,0	792;;1,1,0,0,0;1,1,0,0,0	2	974;;1,1,1,1,0;0,1,1,1,0	2,0	1
776;;1,1,0,0,0;0,1,0,0,0	792;;1,1,0,0,0;1,1,0,0,0	2	986;;1,1,1,1,0;1,1,0,1,0	1,0	1
776;;1,1,0,0,0;0,1,0,0,0	780;;1,1,0,0,0;0,1,1,0,0	2	971;;1,1,1,1,0;0,1,0,1,1	1,0	1
776;;1,1,0,0,0;0,1,0,0,0	780;;1,1,0,0,0;0,1,1,0,0	2	974;;1,1,1,1,0;0,1,1,1,0	2,1	1
776;;1,1,0,0,0;0,1,0,0,0	964;;1,1,1,1,0;0,0,1,0,0	1	1018;;1,1,1,1,1;1,1,0,1,0	2,1	1
776;;1,1,0,0,0;0,1,0,0,0	962;;1,1,1,1,0;0,0,0,1,0	1	1020;;1,1,1,1,1;1,1,1,0,0	3,1	1
776;;1,1,0,0,0;0,1,0,0,0	968;;1,1,1,1,0;0,1,0,0,0	1	1020;;1,1,1,1,1;1,1,1,0,0	3,1	1
776;;1,1,0,0,0;0,1,0,0,0	920;;1,1,1,0,0;1,1,0,0,0	1	1020;;1,1,1,1,1;1,1,1,0,0	3,0	1
776;;1,1,0,0,0;0,1,0,0,0	920;;1,1,1,0,0;1,1,0,0,0	1	987;;1,1,1,1,0;1,1,0,1,1	2,0	2
776;;1,1,0,0,0;0,1,0,0,0	908;;1,1,1,0,0;0,1,1,0,0	1	1018;;1,1,1,1,1;1,1,0,1,0	2,0	1
776;;1,1,0,0,0;0,1,0,0,0	908;;1,1,1,0,0;0,1,1,0,0	1	975;;1,1,1,1,0;0,1,1,1,1	2,0	2
776;;1,1,0,0,0;0,1,0,0,0	908;;1,1,1,0,0;0,1,1,0,0	1	990;;1,1,1,1,0;1,1,1,1,0	2,1	2
776;;1,1,0,0,0;0,1,0,0,0	902;;1,1,1,0,0;0,0,1,1,0	1	1020;;1,1,1,1,1;1,1,1,0,0	3,1	1
776;;1,1,0,0,0;0,1,0,0,0	902;;1,1,1,0,0;0,0,1,1,0	1	987;;1,1,1,1,0;1,1,0,1,1	2,1	2
776;;1,1,0,0,0;0,1,0,0,0	916;;1,1,1,0,0;1,0,1,0,0	1	1018;;1,1,1,1,1;1,1,0,1,0	3,0	1
776;;1,1,0,0,0;0,1,0,0,0	916;;1,1,1,0,0;1,0,1,0,0	1	983;;1,1,1,1,0;1,0,1,1,1	3,0	2
776;;1,1,0,0,0;0,1,0,0,0	972;;1,1,1,1,0;0,1,1,0,0	1	1022;;1,1,1,1,1;1,1,1,1,0	3,1	1
776;;1,1,0,0,0;0,1,0,0,0	966;;1,1,1,1,0;0,0,1,1,0	1	1022;;1,1,1,1,1;1,1,1,1,0	3,1	1
776;;1,1,0,0,0;0,1,0,0,0	970;;1,1,1,1,0;0,1,0,1,0	1	1022;;1,1,1,1,1;1,1,1,1,0	4,1	1
776;;1,1,0,0,0;0,1,0,0,0	924;;1,1,1,0,0;1,1,1,0,0	2	1022;;1,1,1,1,1;1,1,1,1,0	3,0	1
776;;1,1,0,0,0;0,1,0,0,0	910;;1,1,1,0,0;0,1,1,1,0	2	1022;;1,1,1,1,1;1,1,1,1,0	3,1	1
776;;1,1,0,0,0;0,1,0,0,0	918;;1,1,1,0,0;1,0,1,1,0	1	1022;;1,1,1,1,1;1,1,1,1,0	4,1	1
776;;1,1,0,0,0;0,1,0,0,0	974;;1,1,1,1,0;0,1,1,1,0	1	1023;;1,1,1,1,1;1,1,1,1,1	4,1	10
960;;1,1,1,1,0;0,0,0,0,0	960;;1,1,1,1,0;0,0,0,0,0	1	990;;1,1,1,1,0;1,1,1,1,0	0,4	1
960;;1,1,1,1,0;0,0,0,0,0	960;;1,1,1,1,0;0,0,0,0,0	1	975;;1,1,1,1,0;0,1,1,1,1	0,3	1
960;;1,1,1,1,0;0,0,0,0,0	960;;1,1,1,1,0;0,0,0,0,0	1	983;;1,1,1,1,0;1,0,1,1,1	0,3	1
960;;1,1,1,1,0;0,0,0,0,0	960;;1,1,1,1,0;0,0,0,0,0	1	987;;1,1,1,1,0;1,1,0,1,1	0,3	1
960;;1,1,1,1,0;0,0,0,0,0	960;;1,1,1,1,0;0,0,0,0,0	1	989;;1,1,1,1,0;1,1,1,0,1	0,3	1
960;;1,1,1,1,0;0,0,0,0,0	904;;1,1,1,0,0;0,1,0,0,0	1	1020;;1,1,1,1,1;1,1,1,0,0	2,2	1
960;;1,1,1,1,0;0,0,0,0,0	900;;1,1,1,0,0;0,0,1,0,0	1	1020;;1,1,1,1,1;1,1,1,0,0	2,2	1
960;;1,1,1,1,0;0,0,0,0,0	912;;1,1,1,0,0;1,0,0,0,0	1	1020;;1,1,1,1,1;1,1,1,0,0	2,2	1
960;;1,1,1,1,0;0,0,0,0,0	992;;1,1,1,1,1;0,0,0,0,0	5	1022;;1,1,1,1,1;1,1,1,1,0	0,4	1
960;;1,1,1,1,0;0,0,0,0,0	964;;1,1,1,1,0;0,0,1,0,0	1	1022;;1,1,1,1,1;1,1,1,1,0	2,3	1
960;;1,1,1,1,0;0,0,0,0,0	962;;1,1,1,1,0;0,0,0,1,0	1	1022;;1,1,1,1,1;1,1,1,1,0	2,3	1
960;;1,1,1,1,0;0,0,0,0,0	976;;1,1,1,1,0;1,0,0,0,0	1	1022;;1,1,1,1,1;1,1,1,1,0	2,3	1
960;;1,1,1,1,0;0,0,0,0,0	968;;1,1,1,1,0;0,1,0,0,0	1	1022;;1,1,1,1,1;1,1,1,1,0	2,3	1
960;;1,1,1,1,0;0,0,0,0,0	1008;;1,1,1,1,1;1,0,0,0,0	1	1023;;1,1,1,1,1;1,1,1,1,1	2,4	10
904;;1,1,1,0,0;0,1,0,0,0	904;;1,1,1,0,0;0,1,0,0,0	1	975;;1,1,1,1,0;0,1,1,1,1	2,1	1
904;;1,1,1,0,0;0,1,0,0,0	904;;1,1,1,0,0;0,1,0,0,0	1	989;;1,1,1,1,0;1,1,1,0,1	2,1	1
904;;1,1,1,0,0;0,1,0,0,0	900;;1,1,1,0,0;0,0,1,0,0	1	987;;1,1,1,1,0;1,1,0,1,1	2,1	2
904;;1,1,1,0,0;0,1,0,0,0	912;;1,1,1,0,0;1,0,0,0,0	1	983;;1,1,1,1,0;1,0,1,1,1	2,1	2
904;;1,1,1,0,0;0,1,0,0,0	785;;1,1,0,0,0;1,0,0,0,1	2	1020;;1,1,1,1,1;1,1,1,0,0	3,1	1
904;;1,1,1,0,0;0,1,0,0,0	792;;1,1,0,0,0;1,1,0,0,0	2	1018;;1,1,1,1,1;1,1,0,1,0	2,0	1
904;;1,1,1,0,0;0,1,0,0,0	780;;1,1,0,0,0;0,1,1,0,0	2	1020;;1,1,1,1,1;1,1,1,0,0	3,1	1
904;;1,1,1,0,0;0,1,0,0,0	964;;1,1,1,1,0;0,0,1,0,0	1	1022;;1,1,1,1,1;1,1,1,1,0	3,2	1
904;;1,1,1,0,0;0,1,0,0,0	968;;1,1,1,1,0;0,1,0,0,0	1	1022;;1,1,1,1,1;1,1,1,1,0	3,2	1
904;;1,1,1,0,0;0,1,0,0,0	920;;1,1,1,0,0;1,1,0,0,0	1	1022;;1,1,1,1,1;1,1,1,1,0	3,1	1
904;;1,1,1,0,0;0,1,0,0,0	908;;1,1,1,0,0;0,1,1,0,0	1	1022;;1,1,1,1,1;1,1,1,1,0	3,1	1
904;;1,1,1,0,0;0,1,0,0,0	972;;1,1,1,1,0;0,1,1,0,0	1	1023;;1,1,1,1,1;1,1,1,1,1	4,2	10
900;;1,1,1,0,0;0,0,1,0,0	900;;1,1,1,0,0;0,0,1,0,0	1	983;;1,1,1,1,0;1,0,1,1,1	2,1	1
900;;1,1,1,0,0;0,0,1,0,0	900;;1,1,1,0,0;0,0,1,0,0	1	990;;1,1,1,1,0;1,1,1,1,0	2,2	1
900;;1,1,1,0,0;0,0,1,0,0	792;;1,1,0,0,0;1,1,0,0,0	2	1020;;1,1,1,1,1;1,1,1,0,0	3,0	1
900;;1,1,1,0,0;0,0,1,0,0	780;;1,1,0,0,0;0,1,1,0,0	2	1018;;1,1,1,1,1;1,1,0,1,0	2,1	1
900;;1,1,1,0,0;0,0,1,0,0	964;;1,1,1,1,0;0,0,1,0,0	1	1022;;1,1,1,1,1;1,1,1,1,0	3,2	1
900;;1,1,1,0,0;0,0,1,0,0	962;;1,1,1,1,0;0,0,0,1,0	1	1022;;1,1,1,1,1;1,1,1,1,0	3,2	1
900;;1,1,1,0,0;0,0,1,0,0	908;;1,1,1,0,0;0,1,1,0,0	1	1022;;1,1,1,1,1;1,1,1,1,0	3,1	1
900;;1,1,1,0,0;0,0,1,0,0	902;;1,1,1,0,0;0,0,1,1,0	1	1022;;1,1,1,1,1;1,1,1,1,0	3,2	1
900;;1,1,1,0,0;0,0,1,0,0	966;;1,1,1,1,0;0,0,1,1,0	1	1023;;1,1,1,1,1;1,1,1,1,1	4,2	10
912;;1,1,1,0,0;1,0,0,0,0	912;;1,1,1,0,0;1,0,0,0,0	1	990;;1,1,1,1,0;1,1,1,1,0	2,2	1
912;;1,1,1,0,0;1,0,0,0,0	912;;1,1,1,0,0;1,0,0,0,0	1	987;;1,1,1,1,0;1,1,0,1,1	2,1	1
912;;1,1,1,0,0;1,0,0,0,0	785;;1,1,0,0,0;1,0,0,0,1	2	1018;;1,1,1,1,1;1,1,0,1,0	2,1	1
912;;1,1,1,0,0;1,0,0,0,0	792;;1,1,0,0,0;1,1,0,0,0	2	1020;;1,1,1,1,1;1,1,1,0,0	3,0	1
912;;1,1,1,0,0;1,0,0,0,0	976;;1,1,1,1,0;1,0,0,0,0	1	1022;;1,1,1,1,1;1,1,1,1,0	3,2	1
912;;1,1,1,0,0;1,0,0,0,0	968;;1,1,1,1,0;0,1,0,0,0	1	1022;;1,1,1,1,1;1,1,1,1,0	3,2	1
912;;1,1,1,0,0;1,0,0,0,0	920;;1,1,1,0,0;1,1,0,0,0	1	1022;;1,1,1,1,1;1,1,1,1,0	3,1	1
912;;1,1,1,0,0;1,0,0,0,0	913;;1,1,1,0,0;1,0,0,0,1	1	1022;;1,1,1,1,1;1,1,1,1,0	3,2	1
912;;1,1,1,0,0;1,0,0,0,0	984;;1,1,1,1,0;1,1,0,0,0	1	1023;;1,1,1,1,1;1,1,1,1,1	4,2	10
785;;1,1,0,0,0;1,0,0,0,1	785;;1,1,0,0,0;1,0,0,0,1	4	989;;1,1,1,1,0;1,1,1,0,1	2,1	1
785;;1,1,0,0,0;1,0,0,0,1	792;;1,1,0,0,0;1,1,0,0,0	2	983;;1,1,1,1,0;1,0,1,1,1	2,0	1
785;;1,1,0,0,0;1,0,0,0,1	920;;1,1,1,0,0;1,1,0,0,0	2	1022;;1,1,1,1,1;1,1,1,1,0	3,1	1
785;;1,1,0,0,0;1,0,0,0,1	913;;1,1,1,0,0;1,0,0,0,1	2	1022;;1,1,1,1,1;1,1,1,1,0	3,2	1
785;;1,1,0,0,0;1,0,0,0,1	921;;1,1,1,0,0;1,1,0,0,1	2	1023;;1,1,1,1,1;1,1,1,1,1	4,2	5
792;;1,1,0,0,0;1,1,0,0,0	792;;1,1,0,0,0;1,1,0,0,0	4	990;;1,1,1,1,0;1,1,1,1,0	2,0	1
792;;1,1,0,0,0;1,1,0,0,0	780;;1,1,0,0,0;0,1,1,0,0	2	987;;1,1,1,1,0;1,1,0,1,1	2,0	1
792;;1,1,0,0,0;1,1,0,0,0	920;;1,1,1,0,0;1,1,0,0,0	2	1022;;1,1,1,1,1;1,1,1,1,0	3,0	1
792;;1,1,0,0,0;1,1,0,0,0	908;;1,1,1,0,0;0,1,1,0,0	2	1022;;1,1,1,1,1;1,1,1,1,0	3,0	1
792;;1,1,0,0,0;1,1,0,0,0	916;;1,1,1,0,0;1,0,1,0,0	2	1022;;1,1,1,1,1;1,1,1,1,0	4,0	1
792;;1,1,0,0,0;1,1,0,0,0	924;;1,1,1,0,0;1,1,1,0,0	2	1023;;1,1,1,1,1;1,1,1,1,1	4,0	5
780;;1,1,0,0,0;0,1,1,0,0	780;;1,1,0,0,0;0,1,1,0,0	4	975;;1,1,1,1,0;0,1,1,1,1	2,1	1
780;;1,1,0,0,0;0,1,1,0,0	908;;1,1,1,0,0;0,1,1,0,0	2	1022;;1,1,1,1,1;1,1,1,1,0	3,1	1
780;;1,1,0,0,0;0,1,1,0,0	902;;1,1,1,0,0;0,0,1,1,0	2	1022;;1,1,1,1,1;1,1,1,1,0	3,2	1
780;;1,1,0,0,0;0,1,1,0,0	910;;1,1,1,0,0;0,1,1,1,0	2	1023;;1,1,1,1,1;1,1,1,1,1	4,2	5
992;;1,1,1,1,1;0,0,0,0,0	992;;1,1,1,1,1;0,0,0,0,0	5	1023;;1,1,1,1,1;1,1,1,1,1	0,5	1
964;;1,1,1,1,0;0,0,1,0,0	964;;1,1,1,1,0;0,0,1,0,0	1	1023;;1,1,1,1,1;1,1,1,1,1	4,3	5
962;;1,1,1,1,0;0,0,0,1,0	962;;1,1,1,1,0;0,0,0,1,0	1	1023;;1,1,1,1,1;1,1,1,1,1	4,3	5
976;;1,1,1,1,0;1,0,0,0,0	976;;1,1,1,1,0;1,0,0,0,0	1	1023;;1,1,1,1,1;1,1,1,1,1	4,3	5
968;;1,1,1,1,0;0,1,0,0,0	968;;1,1,1,1,0;0,1,0,0,0	1	1023;;1,1,1,1,1;1,1,1,1,1	4,3	5
920;;1,1,1,0,0;1,1,0,0,0	920;;1,1,1,0,0;1,1,0,0,0	1	1023;;1,1,1,1,1;1,1,1,1,1	4,1	5
908;;1,1,1,0,0;0,1,1,0,0	908;;1,1,1,0,0;0,1,1,0,0	1	1023;;1,1,1,1,1;1,1,1,1,1	4,1	5
902;;1,1,1,0,0;0,0,1,1,0	902;;1,1,1,0,0;0,0,1,1,0	1	1023;;1,1,1,1,1;1,1,1,1,1	4,3	5
913;;1,1,1,0,0;1,0,0,0,1	913;;1,1,1,0,0;1,0,0,0,1	1	1023;;1,1,1,1,1;1,1,1,1,1	4,3	5
