128;;1,0,0,0;0,0,0,0	128;;1,0,0,0;0,0,0,0	2	192;;1,1,0,0;0,0,0,0	1,0	1
128;;1,0,0,0;0,0,0,0	128;;1,0,0,0;0,0,0,0	1	136;;1,0,0,0;1,0,0,0	0,1	1
128;;1,0,0,0;0,0,0,0	192;;1,1,0,0;0,0,0,0	2	224;;1,1,1,0;0,0,0,0	1,0	2
128;;1,0,0,0;0,0,0,0	192;;1,1,0,0;0,0,0,0	1	200;;1,1,0,0;1,0,0,0	0,1	1
128;;1,0,0,0;0,0,0,0	192;;1,1,0,0;0,0,0,0	1	196;;1,1,0,0;0,1,0,0	0,1	1
128;;1,0,0,0;0,0,0,0	136;;1,0,0,0;1,0,0,0	2	196;;1,1,0,0;0,1,0,0	1,0	1
128;;1,0,0,0;0,0,0,0	136;;1,0,0,0;1,0,0,0	2	200;;1,1,0,0;1,0,0,0	1,0	1
128;;1,0,0,0;0,0,0,0	224;;1,1,1,0;0,0,0,0	1	240;;1,1,1,1;0,0,0,0	2,0	4
128;;1,0,0,0;0,0,0,0	224;;1,1,1,0;0,0,0,0	1	228;;1,1,1,0;0,1,0,0	0,1	1
128;;1,0,0,0;0,0,0,0	224;;1,1,1,0;0,0,0,0	1	226;;1,1,1,0;0,0,1,0	0,1	1
128;;1,0,0,0;0,0,0,0	224;;1,1,1,0;0,0,0,0	1	232;;1,1,1,0;1,0,0,0	0,1	1
128;;1,0,0,0;0,0,0,0	200;;1,1,0,0;1,0,0,0	1	228;;1,1,1,0;0,1,0,0	1,0	1
128;;1,0,0,0;0,0,0,0	200;;1,1,0,0;1,0,0,0	1	232;;1,1,1,0;1,0,0,0	1,0	1
128;;1,0,0,0;0,0,0,0	200;;1,1,0,0;1,0,0,0	1	201;;1,1,0,0;1,0,0,1	1,0	2
128;;1,0,0,0;0,0,0,0	200;;1,1,0,0;1,0,0,0	1	204;;1,1,0,0;1,1,0,0	1,1	2
128;;1,0,0,0;0,0,0,0	196;;1,1,0,0;0,1,0,0	1	226;;1,1,1,0;0,0,1,0	1,0	1
128;;1,0,0,0;0,0,0,0	196;;1,1,0,0;0,1,0,0	1	228;;1,1,1,0;0,1,0,0	1,0	1
128;;1,0,0,0;0,0,0,0	196;;1,1,0,0;0,1,0,0	1	204;;1,1,0,0;1,1,0,0	1,1	2
128;;1,0,0,0;0,0,0,0	196;;1,1,0,0;0,1,0,0	1	198;;1,1,0,0;0,1,1,0	1,0	2
128;;1,0,0,0;0,0,0,0	240;;1,1,1,1;0,0,0,0	4	248;;1,1,1,1;1,0,0,0	0,1	1
128;;1,0,0,0;0,0,0,0	228;;1,1,1,0;0,1,0,0	1	248;;1,1,1,1;1,0,0,0	2,0	1
128;;1,0,0,0;0,0,0,0	228;;1,1,1,0;0,1,0,0	1	236;;1,1,1,0;1,1,0,0	1,1	1
128;;1,0,0,0;0,0,0,0	228;;1,1,1,0;0,1,0,0	1	230;;1,1,1,0;0,1,1,0	1,1	1
128;;1,0,0,0;0,0,0,0	226;;1,1,1,0;0,0,1,0	1	248;;1,1,1,1;1,0,0,0	2,0	1
128;;1,0,0,0;0,0,0,0	226;;1,1,1,0;0,0,1,0	1	230;;1,1,1,0;0,1,1,0	1,1	1
128;;1,0,0,0;0,0,0,0	226;;1,1,1,0;0,0,1,0	1	227;;1,1,1,0;0,0,1,1	1,0	1
128;;1,0,0,0;0,0,0,0	226;;1,1,1,0;0,0,1,0	1	234;;1,1,1,0;1,0,1,0	0,1	1
128;;1,0,0,0;0,0,0,0	232;;1,1,1,0;1,0,0,0	1	248;;1,1,1,1;1,0,0,0	2,0	1
128;;1,0,0,0;0,0,0,0	232;;1,1,1,0;1,0,0,0	1	233;;1,1,1,0;1,0,0,1	1,0	1
128;;1,0,0,0;0,0,0,0	232;;1,1,1,0;1,0,0,0	1	236;;1,1,1,0;1,1,0,0	1,1	1
128;;1,0,0,0;0,0,0,0	232;;1,1,1,0;1,0,0,0	1	234;;1,1,1,0;1,0,1,0	0,1	1
128;;1,0,0,0;0,0,0,0	201;;1,1,0,0;1,0,0,1	2	236;;1,1,1,0;1,1,0,0	1,1	1
128;;1,0,0,0;0,0,0,0	201;;1,1,0,0;1,0,0,1	2	233;;1,1,1,0;1,0,0,1	1,0	1
128;;1,0,0,0;0,0,0,0	204;;1,1,0,0;1,1,0,0	2	230;;1,1,1,0;0,1,1,0	1,0	1
128;;1,0,0,0;0,0,0,0	204;;1,1,0,0;1,1,0,0	2	236;;1,1,1,0;1,1,0,0	1,0	1
128;;1,0,0,0;0,0,0,0	198;;1,1,0,0;0,1,1,0	2	227;;1,1,1,0;0,0,1,1	1,0	1
128;;1,0,0,0;0,0,0,0	198;;1,1,0,0;0,1,1,0	2	230;;1,1,1,0;0,1,1,0	1,1	1
128;;1,0,0,0;0,0,0,0	248;;1,1,1,1;1,0,0,0	2	252;;1,1,1,1;1,1,0,0	1,1	2
128;;1,0,0,0;0,0,0,0	248;;1,1,1,1;1,0,0,0	1	250;;1,1,1,1;1,0,1,0	0,1	2
128;;1,0,0,0;0,0,0,0	236;;1,1,1,0;1,1,0,0	1	252;;1,1,1,1;1,1,0,0	2,0	1
128;;1,0,0,0;0,0,0,0	236;;1,1,1,0;1,1,0,0	1	238;;1,1,1,0;1,1,1,0	1,1	2
128;;1,0,0,0;0,0,0,0	236;;1,1,1,0;1,1,0,0	1	237;;1,1,1,0;1,1,0,1	1,0	2
128;;1,0,0,0;0,0,0,0	230;;1,1,1,0;0,1,1,0	1	252;;1,1,1,1;1,1,0,0	2,0	1
128;;1,0,0,0;0,0,0,0	230;;1,1,1,0;0,1,1,0	1	231;;1,1,1,0;0,1,1,1	1,0	2
128;;1,0,0,0;0,0,0,0	230;;1,1,1,0;0,1,1,0	1	238;;1,1,1,0;1,1,1,0	1,1	2
128;;1,0,0,0;0,0,0,0	227;;1,1,1,0;0,0,1,1	1	252;;1,1,1,1;1,1,0,0	2,1	1
128;;1,0,0,0;0,0,0,0	227;;1,1,1,0;0,0,1,1	1	235;;1,1,1,0;1,0,1,1	1,1	2
128;;1,0,0,0;0,0,0,0	227;;1,1,1,0;0,0,1,1	1	231;;1,1,1,0;0,1,1,1	1,1	2
128;;1,0,0,0;0,0,0,0	234;;1,1,1,0;1,0,1,0	1	250;;1,1,1,1;1,0,1,0	2,0	2
128;;1,0,0,0;0,0,0,0	234;;1,1,1,0;1,0,1,0	1	238;;1,1,1,0;1,1,1,0	2,1	2
128;;1,0,0,0;0,0,0,0	234;;1,1,1,0;1,0,1,0	1	235;;1,1,1,0;1,0,1,1	2,0	2
128;;1,0,0,0;0,0,0,0	233;;1,1,1,0;1,0,0,1	1	252;;1,1,1,1;1,1,0,0	2,1	1
128;;1,0,0,0;0,0,0,0	233;;1,1,1,0;1,0,0,1	1	237;;1,1,1,0;1,1,0,1	1,1	2
128;;1,0,0,0;0,0,0,0	233;;1,1,1,0;1,0,0,1	1	235;;1,1,1,0;1,0,1,1	1,1	2
128;;1,0,0,0;0,0,0,0	252;;1,1,1,1;1,1,0,0	2	254;;1,1,1,1;1,1,1,0	1,1	2
128;;1,0,0,0;0,0,0,0	250;;1,1,1,1;1,0,1,0	2	254;;1,1,1,1;1,1,1,0	2,1	1
128;;1,0,0,0;0,0,0,0	238;;1,1,1,0;1,1,1,0	2	254;;1,1,1,1;1,1,1,0	2,0	1
128;;1,0,0,0;0,0,0,0	237;;1,1,1,0;1,1,0,1	2	254;;1,1,1,1;1,1,1,0	2,1	1
128;;1,0,0,0;0,0,0,0	231;;1,1,1,0;0,1,1,1	2	254;;1,1,1,1;1,1,1,0	2,1	1
128;;1,0,0,0;0,0,0,0	235;;1,1,1,0;1,0,1,1	2	254;;1,1,1,1;1,1,1,0	2,1	1
128;;1,0,0,0;0,0,0,0	254;;1,1,1,1;1,1,1,0	1	255;;1,1,1,1;1,1,1,1	2,1	8
192;;1,1,0,0;0,0,0,0	192;;1,1,0,0;0,0,0,0	1	240;;1,1,1,1;0,0,0,0	2,0	2
192;;1,1,0,0;0,0,0,0	192;;1,1,0,0;0,0,0,0	1	201;;1,1,0,0;1,0,0,1	0,1	1
192;;1,1,0,0;0,0,0,0	192;;1,1,0,0;0,0,0,0	1	204;;1,1,0,0;1,1,0,0	0,2	1
192;;1,1,0,0;0,0,0,0	192;;1,1,0,0;0,0,0,0	1	198;;1,1,0,0;0,1,1,0	0,1	1
192;;1,1,0,0;0,0,0,0	136;;1,0,0,0;1,0,0,0	2	226;;1,1,1,0;0,0,1,0	1,0	1
192;;1,1,0,0;0,0,0,0	136;;1,0,0,0;1,0,0,0	2	232;;1,1,1,0;1,0,0,0	1,0	1
192;;1,1,0,0;0,0,0,0	224;;1,1,1,0;0,0,0,0	1	230;;1,1,1,0;0,1,1,0	0,2	1
192;;1,1,0,0;0,0,0,0	224;;1,1,1,0;0,0,0,0	1	227;;1,1,1,0;0,0,1,1	0,1	1
192;;1,1,0,0;0,0,0,0	224;;1,1,1,0;0,0,0,0	1	233;;1,1,1,0;1,0,0,1	0,1	1
192;;1,1,0,0;0,0,0,0	224;;1,1,1,0;0,0,0,0	1	236;;1,1,1,0;1,1,0,0	0,2	1
192;;1,1,0,0;0,0,0,0	200;;1,1,0,0;1,0,0,0	1	248;;1,1,1,1;1,0,0,0	2,0	1
192;;1,1,0,0;0,0,0,0	200;;1,1,0,0;1,0,0,0	1	233;;1,1,1,0;1,0,0,1	1,0	1
192;;1,1,0,0;0,0,0,0	200;;1,1,0,0;1,0,0,0	1	230;;1,1,1,0;0,1,1,0	1,1	1
192;;1,1,0,0;0,0,0,0	196;;1,1,0,0;0,1,0,0	1	248;;1,1,1,1;1,0,0,0	2,0	1
192;;1,1,0,0;0,0,0,0	196;;1,1,0,0;0,1,0,0	1	236;;1,1,1,0;1,1,0,0	1,1	1
192;;1,1,0,0;0,0,0,0	196;;1,1,0,0;0,1,0,0	1	227;;1,1,1,0;0,0,1,1	1,0	1
192;;1,1,0,0;0,0,0,0	240;;1,1,1,1;0,0,0,0	4	252;;1,1,1,1;1,1,0,0	0,2	1
192;;1,1,0,0;0,0,0,0	228;;1,1,1,0;0,1,0,0	1	231;;1,1,1,0;0,1,1,1	1,1	2
192;;1,1,0,0;0,0,0,0	228;;1,1,1,0;0,1,0,0	1	237;;1,1,1,0;1,1,0,1	1,1	2
192;;1,1,0,0;0,0,0,0	226;;1,1,1,0;0,0,1,0	1	235;;1,1,1,0;1,0,1,1	1,1	2
192;;1,1,0,0;0,0,0,0	226;;1,1,1,0;0,0,1,0	1	238;;1,1,1,0;1,1,1,0	1,2	2
192;;1,1,0,0;0,0,0,0	232;;1,1,1,0;1,0,0,0	1	238;;1,1,1,0;1,1,1,0	1,2	2
192;;1,1,0,0;0,0,0,0	232;;1,1,1,0;1,0,0,0	1	235;;1,1,1,0;1,0,1,1	1,1	2
192;;1,1,0,0;0,0,0,0	201;;1,1,0,0;1,0,0,1	2	252;;1,1,1,1;1,1,0,0	2,1	1
192;;1,1,0,0;0,0,0,0	204;;1,1,0,0;1,1,0,0	2	252;;1,1,1,1;1,1,0,0	2,0	1
192;;1,1,0,0;0,0,0,0	198;;1,1,0,0;0,1,1,0	2	252;;1,1,1,1;1,1,0,0	2,1	1
192;;1,1,0,0;0,0,0,0	248;;1,1,1,1;1,0,0,0	2	254;;1,1,1,1;1,1,1,0	1,2	2
192;;1,1,0,0;0,0,0,0	236;;1,1,1,0;1,1,0,0	1	254;;1,1,1,1;1,1,1,0	2,1	1
192;;1,1,0,0;0,0,0,0	230;;1,1,1,0;0,1,1,0	1	254;;1,1,1,1;1,1,1,0	2,1	1
192;;1,1,0,0;0,0,0,0	227;;1,1,1,0;0,0,1,1	1	254;;1,1,1,1;1,1,1,0	2,2	1
192;;1,1,0,0;0,0,0,0	233;;1,1,1,0;1,0,0,1	1	254;;1,1,1,1;1,1,1,0	2,2	1
192;;1,1,0,0;0,0,0,0	252;;1,1,1,1;1,1,0,0	1	255;;1,1,1,1;1,1,1,1	2,2	8
136;;1,0,0,0;1,0,0,0	136;;1,0,0,0;1,0,0,0	4	204;;1,1,0,0;1,1,0,0	2,0	1
136;;1,0,0,0;1,0,0,0	224;;1,1,1,0;0,0,0,0	2	248;;1,1,1,1;1,0,0,0	2,0	1
136;;1,0,0,0;1,0,0,0	200;;1,1,0,0;1,0,0,0	2	236;;1,1,1,0;1,1,0,0	2,0	1
136;;1,0,0,0;1,0,0,0	200;;1,1,0,0;1,0,0,0	2	234;;1,1,1,0;1,0,1,0	1,0	1
136;;1,0,0,0;1,0,0,0	196;;1,1,0,0;0,1,0,0	2	234;;1,1,1,0;1,0,1,0	1,0	1
136;;1,0,0,0;1,0,0,0	196;;1,1,0,0;0,1,0,0	2	230;;1,1,1,0;0,1,1,0	2,0	1
136;;1,0,0,0;1,0,0,0	228;;1,1,1,0;0,1,0,0	2	250;;1,1,1,1;1,0,1,0	2,0	2
136;;1,0,0,0;1,0,0,0	226;;1,1,1,0;0,0,1,0	2	252;;1,1,1,1;1,1,0,0	3,0	1
136;;1,0,0,0;1,0,0,0	232;;1,1,1,0;1,0,0,0	2	252;;1,1,1,1;1,1,0,0	3,0	1
136;;1,0,0,0;1,0,0,0	201;;1,1,0,0;1,0,0,1	2	235;;1,1,1,0;1,0,1,1	2,0	1
136;;1,0,0,0;1,0,0,0	204;;1,1,0,0;1,1,0,0	4	238;;1,1,1,0;1,1,1,0	2,0	2
136;;1,0,0,0;1,0,0,0	198;;1,1,0,0;0,1,1,0	2	235;;1,1,1,0;1,0,1,1	2,0	1
136;;1,0,0,0;1,0,0,0	236;;1,1,1,0;1,1,0,0	2	254;;1,1,1,1;1,1,1,0	3,0	1
136;;1,0,0,0;1,0,0,0	230;;1,1,1,0;0,1,1,0	2	254;;1,1,1,1;1,1,1,0	3,0	1
136;;1,0,0,0;1,0,0,0	234;;1,1,1,0;1,0,1,0	2	254;;1,1,1,1;1,1,1,0	4,0	1
136;;1,0,0,0;1,0,0,0	238;;1,1,1,0;1,1,1,0	2	255;;1,1,1,1;1,1,1,1	4,0	4
224;;1,1,1,0;0,0,0,0	224;;1,1,1,0;0,0,0,0	1	238;;1,1,1,0;1,1,1,0	0,3	1
224;;1,1,1,0;0,0,0,0	224;;1,1,1,0;0,0,0,0	1	231;;1,1,1,0;0,1,1,1	0,2	1
224;;1,1,1,0;0,0,0,0	224;;1,1,1,0;0,0,0,0	1	235;;1,1,1,0;1,0,1,1	0,2	1
224;;1,1,1,0;0,0,0,0	224;;1,1,1,0;0,0,0,0	1	237;;1,1,1,0;1,1,0,1	0,2	1
224;;1,1,1,0;0,0,0,0	200;;1,1,0,0;1,0,0,0	1	252;;1,1,1,1;1,1,0,0	2,1	1
224;;1,1,1,0;0,0,0,0	196;;1,1,0,0;0,1,0,0	1	252;;1,1,1,1;1,1,0,0	2,1	1
224;;1,1,1,0;0,0,0,0	240;;1,1,1,1;0,0,0,0	4	254;;1,1,1,1;1,1,1,0	0,3	1
224;;1,1,1,0;0,0,0,0	228;;1,1,1,0;0,1,0,0	1	254;;1,1,1,1;1,1,1,0	2,2	1
224;;1,1,1,0;0,0,0,0	226;;1,1,1,0;0,0,1,0	1	254;;1,1,1,1;1,1,1,0	2,2	1
224;;1,1,1,0;0,0,0,0	232;;1,1,1,0;1,0,0,0	1	254;;1,1,1,1;1,1,1,0	2,2	1
224;;1,1,1,0;0,0,0,0	248;;1,1,1,1;1,0,0,0	1	255;;1,1,1,1;1,1,1,1	2,3	8
200;;1,1,0,0;1,0,0,0	200;;1,1,0,0;1,0,0,0	1	250;;1,1,1,1;1,0,1,0	2,0	1
200;;1,1,0,0;1,0,0,0	200;;1,1,0,0;1,0,0,0	1	237;;1,1,1,0;1,1,0,1	2,0	1
200;;1,1,0,0;1,0,0,0	200;;1,1,0,0;1,0,0,0	1	238;;1,1,1,0;1,1,1,0	2,1	1
200;;1,1,0,0;1,0,0,0	196;;1,1,0,0;0,1,0,0	1	252;;1,1,1,1;1,1,0,0	3,0	1
200;;1,1,0,0;1,0,0,0	196;;1,1,0,0;0,1,0,0	1	235;;1,1,1,0;1,0,1,1	2,0	2
200;;1,1,0,0;1,0,0,0	228;;1,1,1,0;0,1,0,0	1	254;;1,1,1,1;1,1,1,0	3,1	1
200;;1,1,0,0;1,0,0,0	232;;1,1,1,0;1,0,0,0	1	254;;1,1,1,1;1,1,1,0	3,1	1
200;;1,1,0,0;1,0,0,0	201;;1,1,0,0;1,0,0,1	2	254;;1,1,1,1;1,1,1,0	3,1	1
200;;1,1,0,0;1,0,0,0	204;;1,1,0,0;1,1,0,0	2	254;;1,1,1,1;1,1,1,0	3,0	1
200;;1,1,0,0;1,0,0,0	236;;1,1,1,0;1,1,0,0	1	255;;1,1,1,1;1,1,1,1	4,1	8
196;;1,1,0,0;0,1,0,0	196;;1,1,0,0;0,1,0,0	1	250;;1,1,1,1;1,0,1,0	2,0	1
196;;1,1,0,0;0,1,0,0	196;;1,1,0,0;0,1,0,0	1	238;;1,1,1,0;1,1,1,0	2,1	1
196;;1,1,0,0;0,1,0,0	196;;1,1,0,0;0,1,0,0	1	231;;1,1,1,0;0,1,1,1	2,0	1
196;;1,1,0,0;0,1,0,0	228;;1,1,1,0;0,1,0,0	1	254;;1,1,1,1;1,1,1,0	3,1	1
196;;1,1,0,0;0,1,0,0	226;;1,1,1,0;0,0,1,0	1	254;;1,1,1,1;1,1,1,0	3,1	1
196;;1,1,0,0;0,1,0,0	204;;1,1,0,0;1,1,0,0	2	254;;1,1,1,1;1,1,1,0	3,0	1
196;;1,1,0,0;0,1,0,0	198;;1,1,0,0;0,1,1,0	2	254;;1,1,1,1;1,1,1,0	3,1	1
196;;1,1,0,0;0,1,0,0	230;;1,1,1,0;0,1,1,0	1	255;;1,1,1,1;1,1,1,1	4,1	8
240;;1,1,1,1;0,0,0,0	240;;1,1,1,1;0,0,0,0	4	255;;1,1,1,1;1,1,1,1	0,4	1
228;;1,1,1,0;0,1,0,0	228;;1,1,1,0;0,1,0,0	1	255;;1,1,1,1;1,1,1,1	4,2	4
226;;1,1,1,0;0,0,1,0	226;;1,1,1,0;0,0,1,0	1	255;;1,1,1,1;1,1,1,1	4,2	4
232;;1,1,1,0;1,0,0,0	232;;1,1,1,0;1,0,0,0	1	255;;1,1,1,1;1,1,1,1	4,2	4
201;;1,1,0,0;1,0,0,1	201;;1,1,0,0;1,0,0,1	2	255;;1,1,1,1;1,1,1,1	4,2	2
204;;1,1,0,0;1,1,0,0	204;;1,1,0,0;1,1,0,0	2	255;;1,1,1,1;1,1,1,1	4,0	2
198;;1,1,0,0;0,1,1,0	198;;1,1,0,0;0,1,1,0	2	255;;1,1,1,1;1,1,1,1	4,2	2
