2048;;1,0,0,0,0,0;0,0,0,0,0,0
3072;;1,1,0,0,0,0;0,0,0,0,0,0
2080;;1,0,0,0,0,0;1,0,0,0,0,0
3584;;1,1,1,0,0,0;0,0,0,0,0,0
3104;;1,1,0,0,0,0;1,0,0,0,0,0
3088;;1,1,0,0,0,0;0,1,0,0,0,0
3840;;1,1,1,1,0,0;0,0,0,0,0,0
3600;;1,1,1,0,0,0;0,1,0,0,0,0
3592;;1,1,1,0,0,0;0,0,1,0,0,0
3616;;1,1,1,0,0,0;1,0,0,0,0,0
3105;;1,1,0,0,0,0;1,0,0,0,0,1
3120;;1,1,0,0,0,0;1,1,0,0,0,0
3096;;1,1,0,0,0,0;0,1,1,0,0,0
3968;;1,1,1,1,1,0;0,0,0,0,0,0
3848;;1,1,1,1,0,0;0,0,1,0,0,0
3844;;1,1,1,1,0,0;0,0,0,1,0,0
3872;;1,1,1,1,0,0;1,0,0,0,0,0
3856;;1,1,1,1,0,0;0,1,0,0,0,0
3632;;1,1,1,0,0,0;1,1,0,0,0,0
3608;;1,1,1,0,0,0;0,1,1,0,0,0
3596;;1,1,1,0,0,0;0,0,1,1,0,0
3624;;1,1,1,0,0,0;1,0,1,0,0,0
3617;;1,1,1,0,0,0;1,0,0,0,0,1
4032;;1,1,1,1,1,1;0,0,0,0,0,0
3972;;1,1,1,1,1,0;0,0,0,1,0,0
3970;;1,1,1,1,1,0;0,0,0,0,1,0
4000;;1,1,1,1,1,0;1,0,0,0,0,0
3984;;1,1,1,1,1,0;0,1,0,0,0,0
3976;;1,1,1,1,1,0;0,0,1,0,0,0
3864;;1,1,1,1,0,0;0,1,1,0,0,0
3852;;1,1,1,1,0,0;0,0,1,1,0,0
3880;;1,1,1,1,0,0;1,0,1,0,0,0
3846;;1,1,1,1,0,0;0,0,0,1,1,0
3876;;1,1,1,1,0,0;1,0,0,1,0,0
3860;;1,1,1,1,0,0;0,1,0,1,0,0
3873;;1,1,1,1,0,0;1,0,0,0,0,1
3888;;1,1,1,1,0,0;1,1,0,0,0,0
3640;;1,1,1,0,0,0;1,1,1,0,0,0
3633;;1,1,1,0,0,0;1,1,0,0,0,1
3612;;1,1,1,0,0,0;0,1,1,1,0,0
3598;;1,1,1,0,0,0;0,0,1,1,1,0
3628;;1,1,1,0,0,0;1,0,1,1,0,0
3625;;1,1,1,0,0,0;1,0,1,0,0,1
3619;;1,1,1,0,0,0;1,0,0,0,1,1
4064;;1,1,1,1,1,1;1,0,0,0,0,0
3980;;1,1,1,1,1,0;0,0,1,1,0,0
3974;;1,1,1,1,1,0;0,0,0,1,1,0
4004;;1,1,1,1,1,0;1,0,0,1,0,0
3988;;1,1,1,1,1,0;0,1,0,1,0,0
3971;;1,1,1,1,1,0;0,0,0,0,1,1
4002;;1,1,1,1,1,0;1,0,0,0,1,0
3986;;1,1,1,1,1,0;0,1,0,0,1,0
3978;;1,1,1,1,1,0;0,0,1,0,1,0
4001;;1,1,1,1,1,0;1,0,0,0,0,1
4016;;1,1,1,1,1,0;1,1,0,0,0,0
4008;;1,1,1,1,1,0;1,0,1,0,0,0
3992;;1,1,1,1,1,0;0,1,1,0,0,0
3868;;1,1,1,1,0,0;0,1,1,1,0,0
3896;;1,1,1,1,0,0;1,1,1,0,0,0
3854;;1,1,1,1,0,0;0,0,1,1,1,0
3884;;1,1,1,1,0,0;1,0,1,1,0,0
3881;;1,1,1,1,0,0;1,0,1,0,0,1
3847;;1,1,1,1,0,0;0,0,0,1,1,1
3878;;1,1,1,1,0,0;1,0,0,1,1,0
3862;;1,1,1,1,0,0;0,1,0,1,1,0
3877;;1,1,1,1,0,0;1,0,0,1,0,1
3892;;1,1,1,1,0,0;1,1,0,1,0,0
3889;;1,1,1,1,0,0;1,1,0,0,0,1
3875;;1,1,1,1,0,0;1,0,0,0,1,1
3726;;1,1,1,0,1,0;0,0,1,1,1,0
3629;;1,1,1,0,0,0;1,0,1,1,0,1
3747;;1,1,1,0,1,0;1,0,0,0,1,1
4080;;1,1,1,1,1,1;1,1,0,0,0,0
4072;;1,1,1,1,1,1;1,0,1,0,0,0
4068;;1,1,1,1,1,1;1,0,0,1,0,0
3982;;1,1,1,1,1,0;0,0,1,1,1,0
4012;;1,1,1,1,1,0;1,0,1,1,0,0
3996;;1,1,1,1,1,0;0,1,1,1,0,0
3975;;1,1,1,1,1,0;0,0,0,1,1,1
4006;;1,1,1,1,1,0;1,0,0,1,1,0
3990;;1,1,1,1,1,0;0,1,0,1,1,0
4005;;1,1,1,1,1,0;1,0,0,1,0,1
4020;;1,1,1,1,1,0;1,1,0,1,0,0
4003;;1,1,1,1,1,0;1,0,0,0,1,1
3987;;1,1,1,1,1,0;0,1,0,0,1,1
3979;;1,1,1,1,1,0;0,0,1,0,1,1
4018;;1,1,1,1,1,0;1,1,0,0,1,0
4010;;1,1,1,1,1,0;1,0,1,0,1,0
3994;;1,1,1,1,1,0;0,1,1,0,1,0
4017;;1,1,1,1,1,0;1,1,0,0,0,1
4009;;1,1,1,1,1,0;1,0,1,0,0,1
4024;;1,1,1,1,1,0;1,1,1,0,0,0
3870;;1,1,1,1,0,0;0,1,1,1,1,0
3900;;1,1,1,1,0,0;1,1,1,1,0,0
3897;;1,1,1,1,0,0;1,1,1,0,0,1
3855;;1,1,1,1,0,0;0,0,1,1,1,1
3886;;1,1,1,1,0,0;1,0,1,1,1,0
3885;;1,1,1,1,0,0;1,0,1,1,0,1
3883;;1,1,1,1,0,0;1,0,1,0,1,1
3879;;1,1,1,1,0,0;1,0,0,1,1,1
3863;;1,1,1,1,0,0;0,1,0,1,1,1
3894;;1,1,1,1,0,0;1,1,0,1,1,0
3893;;1,1,1,1,0,0;1,1,0,1,0,1
3891;;1,1,1,1,0,0;1,1,0,0,1,1
3758;;1,1,1,0,1,0;1,0,1,1,1,0
3755;;1,1,1,0,1,0;1,0,1,0,1,1
4088;;1,1,1,1,1,1;1,1,1,0,0,0
4084;;1,1,1,1,1,1;1,1,0,1,0,0
4082;;1,1,1,1,1,1;1,1,0,0,1,0
4074;;1,1,1,1,1,1;1,0,1,0,1,0
3983;;1,1,1,1,1,0;0,0,1,1,1,1
4014;;1,1,1,1,1,0;1,0,1,1,1,0
3998;;1,1,1,1,1,0;0,1,1,1,1,0
4013;;1,1,1,1,1,0;1,0,1,1,0,1
4028;;1,1,1,1,1,0;1,1,1,1,0,0
4007;;1,1,1,1,1,0;1,0,0,1,1,1
3991;;1,1,1,1,1,0;0,1,0,1,1,1
4022;;1,1,1,1,1,0;1,1,0,1,1,0
4021;;1,1,1,1,1,0;1,1,0,1,0,1
4019;;1,1,1,1,1,0;1,1,0,0,1,1
4011;;1,1,1,1,1,0;1,0,1,0,1,1
3995;;1,1,1,1,1,0;0,1,1,0,1,1
4026;;1,1,1,1,1,0;1,1,1,0,1,0
4025;;1,1,1,1,1,0;1,1,1,0,0,1
4092;;1,1,1,1,1,1;1,1,1,1,0,0
4090;;1,1,1,1,1,1;1,1,1,0,1,0
4086;;1,1,1,1,1,1;1,1,0,1,1,0
4015;;1,1,1,1,1,0;1,0,1,1,1,1
3999;;1,1,1,1,1,0;0,1,1,1,1,1
4030;;1,1,1,1,1,0;1,1,1,1,1,0
4029;;1,1,1,1,1,0;1,1,1,1,0,1
4023;;1,1,1,1,1,0;1,1,0,1,1,1
4027;;1,1,1,1,1,0;1,1,1,0,1,1
4094;;1,1,1,1,1,1;1,1,1,1,1,0
4095;;1,1,1,1,1,1;1,1,1,1,1,1
