128;;1,0,0,0;0,0,0,0
192;;1,1,0,0;0,0,0,0
136;;1,0,0,0;1,0,0,0
224;;1,1,1,0;0,0,0,0
200;;1,1,0,0;1,0,0,0
196;;1,1,0,0;0,1,0,0
240;;1,1,1,1;0,0,0,0
228;;1,1,1,0;0,1,0,0
226;;1,1,1,0;0,0,1,0
232;;1,1,1,0;1,0,0,0
201;;1,1,0,0;1,0,0,1
204;;1,1,0,0;1,1,0,0
198;;1,1,0,0;0,1,1,0
248;;1,1,1,1;1,0,0,0
236;;1,1,1,0;1,1,0,0
230;;1,1,1,0;0,1,1,0
227;;1,1,1,0;0,0,1,1
234;;1,1,1,0;1,0,1,0
233;;1,1,1,0;1,0,0,1
252;;1,1,1,1;1,1,0,0
250;;1,1,1,1;1,0,1,0
238;;1,1,1,0;1,1,1,0
237;;1,1,1,0;1,1,0,1
231;;1,1,1,0;0,1,1,1
235;;1,1,1,0;1,0,1,1
254;;1,1,1,1;1,1,1,0
255;;1,1,1,1;1,1,1,1
