512;;1,0,0,0,0;0,0,0,0,0
768;;1,1,0,0,0;0,0,0,0,0
528;;1,0,0,0,0;1,0,0,0,0
896;;1,1,1,0,0;0,0,0,0,0
784;;1,1,0,0,0;1,0,0,0,0
776;;1,1,0,0,0;0,1,0,0,0
960;;1,1,1,1,0;0,0,0,0,0
904;;1,1,1,0,0;0,1,0,0,0
900;;1,1,1,0,0;0,0,1,0,0
912;;1,1,1,0,0;1,0,0,0,0
785;;1,1,0,0,0;1,0,0,0,1
792;;1,1,0,0,0;1,1,0,0,0
780;;1,1,0,0,0;0,1,1,0,0
992;;1,1,1,1,1;0,0,0,0,0
964;;1,1,1,1,0;0,0,1,0,0
962;;1,1,1,1,0;0,0,0,1,0
976;;1,1,1,1,0;1,0,0,0,0
968;;1,1,1,1,0;0,1,0,0,0
920;;1,1,1,0,0;1,1,0,0,0
908;;1,1,1,0,0;0,1,1,0,0
902;;1,1,1,0,0;0,0,1,1,0
916;;1,1,1,0,0;1,0,1,0,0
913;;1,1,1,0,0;1,0,0,0,1
1008;;1,1,1,1,1;1,0,0,0,0
972;;1,1,1,1,0;0,1,1,0,0
966;;1,1,1,1,0;0,0,1,1,0
980;;1,1,1,1,0;1,0,1,0,0
963;;1,1,1,1,0;0,0,0,1,1
978;;1,1,1,1,0;1,0,0,1,0
970;;1,1,1,1,0;0,1,0,1,0
977;;1,1,1,1,0;1,0,0,0,1
984;;1,1,1,1,0;1,1,0,0,0
924;;1,1,1,0,0;1,1,1,0,0
921;;1,1,1,0,0;1,1,0,0,1
910;;1,1,1,0,0;0,1,1,1,0
903;;1,1,1,0,0;0,0,1,1,1
918;;1,1,1,0,0;1,0,1,1,0
917;;1,1,1,0,0;1,0,1,0,1
915;;1,1,1,0,0;1,0,0,1,1
1016;;1,1,1,1,1;1,1,0,0,0
1012;;1,1,1,1,1;1,0,1,0,0
974;;1,1,1,1,0;0,1,1,1,0
988;;1,1,1,1,0;1,1,1,0,0
967;;1,1,1,1,0;0,0,1,1,1
982;;1,1,1,1,0;1,0,1,1,0
981;;1,1,1,1,0;1,0,1,0,1
979;;1,1,1,1,0;1,0,0,1,1
971;;1,1,1,1,0;0,1,0,1,1
986;;1,1,1,1,0;1,1,0,1,0
985;;1,1,1,1,0;1,1,0,0,1
1020;;1,1,1,1,1;1,1,1,0,0
1018;;1,1,1,1,1;1,1,0,1,0
975;;1,1,1,1,0;0,1,1,1,1
990;;1,1,1,1,0;1,1,1,1,0
989;;1,1,1,1,0;1,1,1,0,1
983;;1,1,1,1,0;1,0,1,1,1
987;;1,1,1,1,0;1,1,0,1,1
1022;;1,1,1,1,1;1,1,1,1,0
1023;;1,1,1,1,1;1,1,1,1,1
