131072;;1,0,0,0,0,0,0,0,0;0,0,0,0,0,0,0,0,0
196608;;1,1,0,0,0,0,0,0,0;0,0,0,0,0,0,0,0,0
131328;;1,0,0,0,0,0,0,0,0;1,0,0,0,0,0,0,0,0
229376;;1,1,1,0,0,0,0,0,0;0,0,0,0,0,0,0,0,0
196864;;1,1,0,0,0,0,0,0,0;1,0,0,0,0,0,0,0,0
196736;;1,1,0,0,0,0,0,0,0;0,1,0,0,0,0,0,0,0
245760;;1,1,1,1,0,0,0,0,0;0,0,0,0,0,0,0,0,0
229504;;1,1,1,0,0,0,0,0,0;0,1,0,0,0,0,0,0,0
229440;;1,1,1,0,0,0,0,0,0;0,0,1,0,0,0,0,0,0
229632;;1,1,1,0,0,0,0,0,0;1,0,0,0,0,0,0,0,0
196865;;1,1,0,0,0,0,0,0,0;1,0,0,0,0,0,0,0,1
196992;;1,1,0,0,0,0,0,0,0;1,1,0,0,0,0,0,0,0
196800;;1,1,0,0,0,0,0,0,0;0,1,1,0,0,0,0,0,0
253952;;1,1,1,1,1,0,0,0,0;0,0,0,0,0,0,0,0,0
245824;;1,1,1,1,0,0,0,0,0;0,0,1,0,0,0,0,0,0
245792;;1,1,1,1,0,0,0,0,0;0,0,0,1,0,0,0,0,0
246016;;1,1,1,1,0,0,0,0,0;1,0,0,0,0,0,0,0,0
245888;;1,1,1,1,0,0,0,0,0;0,1,0,0,0,0,0,0,0
229760;;1,1,1,0,0,0,0,0,0;1,1,0,0,0,0,0,0,0
229568;;1,1,1,0,0,0,0,0,0;0,1,1,0,0,0,0,0,0
229472;;1,1,1,0,0,0,0,0,0;0,0,1,1,0,0,0,0,0
229696;;1,1,1,0,0,0,0,0,0;1,0,1,0,0,0,0,0,0
229633;;1,1,1,0,0,0,0,0,0;1,0,0,0,0,0,0,0,1
258048;;1,1,1,1,1,1,0,0,0;0,0,0,0,0,0,0,0,0
253984;;1,1,1,1,1,0,0,0,0;0,0,0,1,0,0,0,0,0
253968;;1,1,1,1,1,0,0,0,0;0,0,0,0,1,0,0,0,0
254208;;1,1,1,1,1,0,0,0,0;1,0,0,0,0,0,0,0,0
254080;;1,1,1,1,1,0,0,0,0;0,1,0,0,0,0,0,0,0
254016;;1,1,1,1,1,0,0,0,0;0,0,1,0,0,0,0,0,0
245952;;1,1,1,1,0,0,0,0,0;0,1,1,0,0,0,0,0,0
245856;;1,1,1,1,0,0,0,0,0;0,0,1,1,0,0,0,0,0
246080;;1,1,1,1,0,0,0,0,0;1,0,1,0,0,0,0,0,0
245808;;1,1,1,1,0,0,0,0,0;0,0,0,1,1,0,0,0,0
246048;;1,1,1,1,0,0,0,0,0;1,0,0,1,0,0,0,0,0
245920;;1,1,1,1,0,0,0,0,0;0,1,0,1,0,0,0,0,0
246017;;1,1,1,1,0,0,0,0,0;1,0,0,0,0,0,0,0,1
246144;;1,1,1,1,0,0,0,0,0;1,1,0,0,0,0,0,0,0
229824;;1,1,1,0,0,0,0,0,0;1,1,1,0,0,0,0,0,0
229761;;1,1,1,0,0,0,0,0,0;1,1,0,0,0,0,0,0,1
229600;;1,1,1,0,0,0,0,0,0;0,1,1,1,0,0,0,0,0
229488;;1,1,1,0,0,0,0,0,0;0,0,1,1,1,0,0,0,0
229728;;1,1,1,0,0,0,0,0,0;1,0,1,1,0,0,0,0,0
229697;;1,1,1,0,0,0,0,0,0;1,0,1,0,0,0,0,0,1
229635;;1,1,1,0,0,0,0,0,0;1,0,0,0,0,0,0,1,1
260096;;1,1,1,1,1,1,1,0,0;0,0,0,0,0,0,0,0,0
258064;;1,1,1,1,1,1,0,0,0;0,0,0,0,1,0,0,0,0
258056;;1,1,1,1,1,1,0,0,0;0,0,0,0,0,1,0,0,0
258304;;1,1,1,1,1,1,0,0,0;1,0,0,0,0,0,0,0,0
258176;;1,1,1,1,1,1,0,0,0;0,1,0,0,0,0,0,0,0
258112;;1,1,1,1,1,1,0,0,0;0,0,1,0,0,0,0,0,0
258080;;1,1,1,1,1,1,0,0,0;0,0,0,1,0,0,0,0,0
254048;;1,1,1,1,1,0,0,0,0;0,0,1,1,0,0,0,0,0
254000;;1,1,1,1,1,0,0,0,0;0,0,0,1,1,0,0,0,0
254240;;1,1,1,1,1,0,0,0,0;1,0,0,1,0,0,0,0,0
254112;;1,1,1,1,1,0,0,0,0;0,1,0,1,0,0,0,0,0
253976;;1,1,1,1,1,0,0,0,0;0,0,0,0,1,1,0,0,0
254224;;1,1,1,1,1,0,0,0,0;1,0,0,0,1,0,0,0,0
254096;;1,1,1,1,1,0,0,0,0;0,1,0,0,1,0,0,0,0
254032;;1,1,1,1,1,0,0,0,0;0,0,1,0,1,0,0,0,0
254209;;1,1,1,1,1,0,0,0,0;1,0,0,0,0,0,0,0,1
254336;;1,1,1,1,1,0,0,0,0;1,1,0,0,0,0,0,0,0
254272;;1,1,1,1,1,0,0,0,0;1,0,1,0,0,0,0,0,0
254144;;1,1,1,1,1,0,0,0,0;0,1,1,0,0,0,0,0,0
245984;;1,1,1,1,0,0,0,0,0;0,1,1,1,0,0,0,0,0
246208;;1,1,1,1,0,0,0,0,0;1,1,1,0,0,0,0,0,0
245872;;1,1,1,1,0,0,0,0,0;0,0,1,1,1,0,0,0,0
246112;;1,1,1,1,0,0,0,0,0;1,0,1,1,0,0,0,0,0
246081;;1,1,1,1,0,0,0,0,0;1,0,1,0,0,0,0,0,1
245816;;1,1,1,1,0,0,0,0,0;0,0,0,1,1,1,0,0,0
246064;;1,1,1,1,0,0,0,0,0;1,0,0,1,1,0,0,0,0
245936;;1,1,1,1,0,0,0,0,0;0,1,0,1,1,0,0,0,0
246049;;1,1,1,1,0,0,0,0,0;1,0,0,1,0,0,0,0,1
246176;;1,1,1,1,0,0,0,0,0;1,1,0,1,0,0,0,0,0
246145;;1,1,1,1,0,0,0,0,0;1,1,0,0,0,0,0,0,1
246019;;1,1,1,1,0,0,0,0,0;1,0,0,0,0,0,0,1,1
237680;;1,1,1,0,1,0,0,0,0;0,0,1,1,1,0,0,0,0
229729;;1,1,1,0,0,0,0,0,0;1,0,1,1,0,0,0,0,1
230659;;1,1,1,0,0,0,0,1,0;1,0,0,0,0,0,0,1,1
261120;;1,1,1,1,1,1,1,1,0;0,0,0,0,0,0,0,0,0
260104;;1,1,1,1,1,1,1,0,0;0,0,0,0,0,1,0,0,0
260100;;1,1,1,1,1,1,1,0,0;0,0,0,0,0,0,1,0,0
260352;;1,1,1,1,1,1,1,0,0;1,0,0,0,0,0,0,0,0
260224;;1,1,1,1,1,1,1,0,0;0,1,0,0,0,0,0,0,0
260160;;1,1,1,1,1,1,1,0,0;0,0,1,0,0,0,0,0,0
260128;;1,1,1,1,1,1,1,0,0;0,0,0,1,0,0,0,0,0
260112;;1,1,1,1,1,1,1,0,0;0,0,0,0,1,0,0,0,0
258096;;1,1,1,1,1,1,0,0,0;0,0,0,1,1,0,0,0,0
258072;;1,1,1,1,1,1,0,0,0;0,0,0,0,1,1,0,0,0
258320;;1,1,1,1,1,1,0,0,0;1,0,0,0,1,0,0,0,0
258192;;1,1,1,1,1,1,0,0,0;0,1,0,0,1,0,0,0,0
258128;;1,1,1,1,1,1,0,0,0;0,0,1,0,1,0,0,0,0
258060;;1,1,1,1,1,1,0,0,0;0,0,0,0,0,1,1,0,0
258312;;1,1,1,1,1,1,0,0,0;1,0,0,0,0,1,0,0,0
258184;;1,1,1,1,1,1,0,0,0;0,1,0,0,0,1,0,0,0
258120;;1,1,1,1,1,1,0,0,0;0,0,1,0,0,1,0,0,0
258088;;1,1,1,1,1,1,0,0,0;0,0,0,1,0,1,0,0,0
258305;;1,1,1,1,1,1,0,0,0;1,0,0,0,0,0,0,0,1
258432;;1,1,1,1,1,1,0,0,0;1,1,0,0,0,0,0,0,0
258368;;1,1,1,1,1,1,0,0,0;1,0,1,0,0,0,0,0,0
258336;;1,1,1,1,1,1,0,0,0;1,0,0,1,0,0,0,0,0
258240;;1,1,1,1,1,1,0,0,0;0,1,1,0,0,0,0,0,0
258208;;1,1,1,1,1,1,0,0,0;0,1,0,1,0,0,0,0,0
258144;;1,1,1,1,1,1,0,0,0;0,0,1,1,0,0,0,0,0
254064;;1,1,1,1,1,0,0,0,0;0,0,1,1,1,0,0,0,0
254304;;1,1,1,1,1,0,0,0,0;1,0,1,1,0,0,0,0,0
254176;;1,1,1,1,1,0,0,0,0;0,1,1,1,0,0,0,0,0
254008;;1,1,1,1,1,0,0,0,0;0,0,0,1,1,1,0,0,0
254256;;1,1,1,1,1,0,0,0,0;1,0,0,1,1,0,0,0,0
254128;;1,1,1,1,1,0,0,0,0;0,1,0,1,1,0,0,0,0
254241;;1,1,1,1,1,0,0,0,0;1,0,0,1,0,0,0,0,1
254368;;1,1,1,1,1,0,0,0,0;1,1,0,1,0,0,0,0,0
253980;;1,1,1,1,1,0,0,0,0;0,0,0,0,1,1,1,0,0
254232;;1,1,1,1,1,0,0,0,0;1,0,0,0,1,1,0,0,0
254104;;1,1,1,1,1,0,0,0,0;0,1,0,0,1,1,0,0,0
254040;;1,1,1,1,1,0,0,0,0;0,0,1,0,1,1,0,0,0
254225;;1,1,1,1,1,0,0,0,0;1,0,0,0,1,0,0,0,1
254352;;1,1,1,1,1,0,0,0,0;1,1,0,0,1,0,0,0,0
254288;;1,1,1,1,1,0,0,0,0;1,0,1,0,1,0,0,0,0
254160;;1,1,1,1,1,0,0,0,0;0,1,1,0,1,0,0,0,0
254337;;1,1,1,1,1,0,0,0,0;1,1,0,0,0,0,0,0,1
254273;;1,1,1,1,1,0,0,0,0;1,0,1,0,0,0,0,0,1
254211;;1,1,1,1,1,0,0,0,0;1,0,0,0,0,0,0,1,1
254400;;1,1,1,1,1,0,0,0,0;1,1,1,0,0,0,0,0,0
246000;;1,1,1,1,0,0,0,0,0;0,1,1,1,1,0,0,0,0
246240;;1,1,1,1,0,0,0,0,0;1,1,1,1,0,0,0,0,0
246209;;1,1,1,1,0,0,0,0,0;1,1,1,0,0,0,0,0,1
245880;;1,1,1,1,0,0,0,0,0;0,0,1,1,1,1,0,0,0
246128;;1,1,1,1,0,0,0,0,0;1,0,1,1,1,0,0,0,0
246113;;1,1,1,1,0,0,0,0,0;1,0,1,1,0,0,0,0,1
246083;;1,1,1,1,0,0,0,0,0;1,0,1,0,0,0,0,1,1
249912;;1,1,1,1,0,1,0,0,0;0,0,0,1,1,1,0,0,0
245820;;1,1,1,1,0,0,0,0,0;0,0,0,1,1,1,1,0,0
246072;;1,1,1,1,0,0,0,0,0;1,0,0,1,1,1,0,0,0
245944;;1,1,1,1,0,0,0,0,0;0,1,0,1,1,1,0,0,0
246065;;1,1,1,1,0,0,0,0,0;1,0,0,1,1,0,0,0,1
246192;;1,1,1,1,0,0,0,0,0;1,1,0,1,1,0,0,0,0
246177;;1,1,1,1,0,0,0,0,0;1,1,0,1,0,0,0,0,1
246051;;1,1,1,1,0,0,0,0,0;1,0,0,1,0,0,0,1,1
246147;;1,1,1,1,0,0,0,0,0;1,1,0,0,0,0,0,1,1
247043;;1,1,1,1,0,0,0,1,0;1,0,0,0,0,0,0,1,1
246023;;1,1,1,1,0,0,0,0,0;1,0,0,0,0,0,1,1,1
241776;;1,1,1,0,1,1,0,0,0;0,0,1,1,1,0,0,0,0
237936;;1,1,1,0,1,0,0,0,0;1,0,1,1,1,0,0,0,0
232707;;1,1,1,0,0,0,1,1,0;1,0,0,0,0,0,0,1,1
230723;;1,1,1,0,0,0,0,1,0;1,0,1,0,0,0,0,1,1
261632;;1,1,1,1,1,1,1,1,1;0,0,0,0,0,0,0,0,0
261124;;1,1,1,1,1,1,1,1,0;0,0,0,0,0,0,1,0,0
261122;;1,1,1,1,1,1,1,1,0;0,0,0,0,0,0,0,1,0
261376;;1,1,1,1,1,1,1,1,0;1,0,0,0,0,0,0,0,0
261248;;1,1,1,1,1,1,1,1,0;0,1,0,0,0,0,0,0,0
261184;;1,1,1,1,1,1,1,1,0;0,0,1,0,0,0,0,0,0
261152;;1,1,1,1,1,1,1,1,0;0,0,0,1,0,0,0,0,0
261136;;1,1,1,1,1,1,1,1,0;0,0,0,0,1,0,0,0,0
261128;;1,1,1,1,1,1,1,1,0;0,0,0,0,0,1,0,0,0
260120;;1,1,1,1,1,1,1,0,0;0,0,0,0,1,1,0,0,0
260108;;1,1,1,1,1,1,1,0,0;0,0,0,0,0,1,1,0,0
260360;;1,1,1,1,1,1,1,0,0;1,0,0,0,0,1,0,0,0
260232;;1,1,1,1,1,1,1,0,0;0,1,0,0,0,1,0,0,0
260168;;1,1,1,1,1,1,1,0,0;0,0,1,0,0,1,0,0,0
260136;;1,1,1,1,1,1,1,0,0;0,0,0,1,0,1,0,0,0
260102;;1,1,1,1,1,1,1,0,0;0,0,0,0,0,0,1,1,0
260356;;1,1,1,1,1,1,1,0,0;1,0,0,0,0,0,1,0,0
260228;;1,1,1,1,1,1,1,0,0;0,1,0,0,0,0,1,0,0
260164;;1,1,1,1,1,1,1,0,0;0,0,1,0,0,0,1,0,0
260132;;1,1,1,1,1,1,1,0,0;0,0,0,1,0,0,1,0,0
260116;;1,1,1,1,1,1,1,0,0;0,0,0,0,1,0,1,0,0
260353;;1,1,1,1,1,1,1,0,0;1,0,0,0,0,0,0,0,1
260480;;1,1,1,1,1,1,1,0,0;1,1,0,0,0,0,0,0,0
260416;;1,1,1,1,1,1,1,0,0;1,0,1,0,0,0,0,0,0
260384;;1,1,1,1,1,1,1,0,0;1,0,0,1,0,0,0,0,0
260368;;1,1,1,1,1,1,1,0,0;1,0,0,0,1,0,0,0,0
260288;;1,1,1,1,1,1,1,0,0;0,1,1,0,0,0,0,0,0
260256;;1,1,1,1,1,1,1,0,0;0,1,0,1,0,0,0,0,0
260240;;1,1,1,1,1,1,1,0,0;0,1,0,0,1,0,0,0,0
260192;;1,1,1,1,1,1,1,0,0;0,0,1,1,0,0,0,0,0
260176;;1,1,1,1,1,1,1,0,0;0,0,1,0,1,0,0,0,0
260144;;1,1,1,1,1,1,1,0,0;0,0,0,1,1,0,0,0,0
258104;;1,1,1,1,1,1,0,0,0;0,0,0,1,1,1,0,0,0
258352;;1,1,1,1,1,1,0,0,0;1,0,0,1,1,0,0,0,0
258224;;1,1,1,1,1,1,0,0,0;0,1,0,1,1,0,0,0,0
258160;;1,1,1,1,1,1,0,0,0;0,0,1,1,1,0,0,0,0
258076;;1,1,1,1,1,1,0,0,0;0,0,0,0,1,1,1,0,0
258328;;1,1,1,1,1,1,0,0,0;1,0,0,0,1,1,0,0,0
258200;;1,1,1,1,1,1,0,0,0;0,1,0,0,1,1,0,0,0
258136;;1,1,1,1,1,1,0,0,0;0,0,1,0,1,1,0,0,0
258321;;1,1,1,1,1,1,0,0,0;1,0,0,0,1,0,0,0,1
258448;;1,1,1,1,1,1,0,0,0;1,1,0,0,1,0,0,0,0
258384;;1,1,1,1,1,1,0,0,0;1,0,1,0,1,0,0,0,0
258256;;1,1,1,1,1,1,0,0,0;0,1,1,0,1,0,0,0,0
258062;;1,1,1,1,1,1,0,0,0;0,0,0,0,0,1,1,1,0
258316;;1,1,1,1,1,1,0,0,0;1,0,0,0,0,1,1,0,0
258188;;1,1,1,1,1,1,0,0,0;0,1,0,0,0,1,1,0,0
258124;;1,1,1,1,1,1,0,0,0;0,0,1,0,0,1,1,0,0
258092;;1,1,1,1,1,1,0,0,0;0,0,0,1,0,1,1,0,0
258313;;1,1,1,1,1,1,0,0,0;1,0,0,0,0,1,0,0,1
258440;;1,1,1,1,1,1,0,0,0;1,1,0,0,0,1,0,0,0
258376;;1,1,1,1,1,1,0,0,0;1,0,1,0,0,1,0,0,0
258344;;1,1,1,1,1,1,0,0,0;1,0,0,1,0,1,0,0,0
258248;;1,1,1,1,1,1,0,0,0;0,1,1,0,0,1,0,0,0
258216;;1,1,1,1,1,1,0,0,0;0,1,0,1,0,1,0,0,0
258152;;1,1,1,1,1,1,0,0,0;0,0,1,1,0,1,0,0,0
258433;;1,1,1,1,1,1,0,0,0;1,1,0,0,0,0,0,0,1
258369;;1,1,1,1,1,1,0,0,0;1,0,1,0,0,0,0,0,1
258337;;1,1,1,1,1,1,0,0,0;1,0,0,1,0,0,0,0,1
258307;;1,1,1,1,1,1,0,0,0;1,0,0,0,0,0,0,1,1
258496;;1,1,1,1,1,1,0,0,0;1,1,1,0,0,0,0,0,0
258464;;1,1,1,1,1,1,0,0,0;1,1,0,1,0,0,0,0,0
258400;;1,1,1,1,1,1,0,0,0;1,0,1,1,0,0,0,0,0
258272;;1,1,1,1,1,1,0,0,0;0,1,1,1,0,0,0,0,0
254072;;1,1,1,1,1,0,0,0,0;0,0,1,1,1,1,0,0,0
254320;;1,1,1,1,1,0,0,0,0;1,0,1,1,1,0,0,0,0
254192;;1,1,1,1,1,0,0,0,0;0,1,1,1,1,0,0,0,0
254305;;1,1,1,1,1,0,0,0,0;1,0,1,1,0,0,0,0,1
254432;;1,1,1,1,1,0,0,0,0;1,1,1,1,0,0,0,0,0
254012;;1,1,1,1,1,0,0,0,0;0,0,0,1,1,1,1,0,0
254264;;1,1,1,1,1,0,0,0,0;1,0,0,1,1,1,0,0,0
254136;;1,1,1,1,1,0,0,0,0;0,1,0,1,1,1,0,0,0
254257;;1,1,1,1,1,0,0,0,0;1,0,0,1,1,0,0,0,1
254384;;1,1,1,1,1,0,0,0,0;1,1,0,1,1,0,0,0,0
254369;;1,1,1,1,1,0,0,0,0;1,1,0,1,0,0,0,0,1
254243;;1,1,1,1,1,0,0,0,0;1,0,0,1,0,0,0,1,1
256028;;1,1,1,1,1,0,1,0,0;0,0,0,0,1,1,1,0,0
253982;;1,1,1,1,1,0,0,0,0;0,0,0,0,1,1,1,1,0
254236;;1,1,1,1,1,0,0,0,0;1,0,0,0,1,1,1,0,0
254108;;1,1,1,1,1,0,0,0,0;0,1,0,0,1,1,1,0,0
254044;;1,1,1,1,1,0,0,0,0;0,0,1,0,1,1,1,0,0
254233;;1,1,1,1,1,0,0,0,0;1,0,0,0,1,1,0,0,1
254360;;1,1,1,1,1,0,0,0,0;1,1,0,0,1,1,0,0,0
254296;;1,1,1,1,1,0,0,0,0;1,0,1,0,1,1,0,0,0
254168;;1,1,1,1,1,0,0,0,0;0,1,1,0,1,1,0,0,0
254353;;1,1,1,1,1,0,0,0,0;1,1,0,0,1,0,0,0,1
254289;;1,1,1,1,1,0,0,0,0;1,0,1,0,1,0,0,0,1
254227;;1,1,1,1,1,0,0,0,0;1,0,0,0,1,0,0,1,1
254416;;1,1,1,1,1,0,0,0,0;1,1,1,0,1,0,0,0,0
254401;;1,1,1,1,1,0,0,0,0;1,1,1,0,0,0,0,0,1
254339;;1,1,1,1,1,0,0,0,0;1,1,0,0,0,0,0,1,1
254275;;1,1,1,1,1,0,0,0,0;1,0,1,0,0,0,0,1,1
255235;;1,1,1,1,1,0,0,1,0;1,0,0,0,0,0,0,1,1
254215;;1,1,1,1,1,0,0,0,0;1,0,0,0,0,0,1,1,1
249976;;1,1,1,1,0,1,0,0,0;0,0,1,1,1,1,0,0,0
246129;;1,1,1,1,0,0,0,0,0;1,0,1,1,1,0,0,0,1
246115;;1,1,1,1,0,0,0,0,0;1,0,1,1,0,0,0,1,1
247107;;1,1,1,1,0,0,0,1,0;1,0,1,0,0,0,0,1,1
247047;;1,1,1,1,0,0,0,1,0;1,0,0,0,0,0,1,1,1
251960;;1,1,1,1,0,1,1,0,0;0,0,0,1,1,1,0,0,0
249916;;1,1,1,1,0,1,0,0,0;0,0,0,1,1,1,1,0,0
250168;;1,1,1,1,0,1,0,0,0;1,0,0,1,1,1,0,0,0
250040;;1,1,1,1,0,1,0,0,0;0,1,0,1,1,1,0,0,0
247868;;1,1,1,1,0,0,1,0,0;0,0,0,1,1,1,1,0,0
246073;;1,1,1,1,0,0,0,0,0;1,0,0,1,1,1,0,0,1
246200;;1,1,1,1,0,0,0,0,0;1,1,0,1,1,1,0,0,0
246067;;1,1,1,1,0,0,0,0,0;1,0,0,1,1,0,0,1,1
246193;;1,1,1,1,0,0,0,0,0;1,1,0,1,1,0,0,0,1
247171;;1,1,1,1,0,0,0,1,0;1,1,0,0,0,0,0,1,1
247075;;1,1,1,1,0,0,0,1,0;1,0,0,1,0,0,0,1,1
248071;;1,1,1,1,0,0,1,0,0;1,0,0,0,0,0,1,1,1
249091;;1,1,1,1,0,0,1,1,0;1,0,0,0,0,0,0,1,1
243824;;1,1,1,0,1,1,1,0,0;0,0,1,1,1,0,0,0,0
242032;;1,1,1,0,1,1,0,0,0;1,0,1,1,1,0,0,0,0
232771;;1,1,1,0,0,0,1,1,0;1,0,1,0,0,0,0,1,1
261888;;1,1,1,1,1,1,1,1,1;1,0,0,0,0,0,0,0,0
261132;;1,1,1,1,1,1,1,1,0;0,0,0,0,0,1,1,0,0
261126;;1,1,1,1,1,1,1,1,0;0,0,0,0,0,0,1,1,0
261380;;1,1,1,1,1,1,1,1,0;1,0,0,0,0,0,1,0,0
261252;;1,1,1,1,1,1,1,1,0;0,1,0,0,0,0,1,0,0
261188;;1,1,1,1,1,1,1,1,0;0,0,1,0,0,0,1,0,0
261156;;1,1,1,1,1,1,1,1,0;0,0,0,1,0,0,1,0,0
261140;;1,1,1,1,1,1,1,1,0;0,0,0,0,1,0,1,0,0
261123;;1,1,1,1,1,1,1,1,0;0,0,0,0,0,0,0,1,1
261378;;1,1,1,1,1,1,1,1,0;1,0,0,0,0,0,0,1,0
261250;;1,1,1,1,1,1,1,1,0;0,1,0,0,0,0,0,1,0
261186;;1,1,1,1,1,1,1,1,0;0,0,1,0,0,0,0,1,0
261154;;1,1,1,1,1,1,1,1,0;0,0,0,1,0,0,0,1,0
261138;;1,1,1,1,1,1,1,1,0;0,0,0,0,1,0,0,1,0
261130;;1,1,1,1,1,1,1,1,0;0,0,0,0,0,1,0,1,0
261377;;1,1,1,1,1,1,1,1,0;1,0,0,0,0,0,0,0,1
261504;;1,1,1,1,1,1,1,1,0;1,1,0,0,0,0,0,0,0
261440;;1,1,1,1,1,1,1,1,0;1,0,1,0,0,0,0,0,0
261408;;1,1,1,1,1,1,1,1,0;1,0,0,1,0,0,0,0,0
261392;;1,1,1,1,1,1,1,1,0;1,0,0,0,1,0,0,0,0
261384;;1,1,1,1,1,1,1,1,0;1,0,0,0,0,1,0,0,0
261312;;1,1,1,1,1,1,1,1,0;0,1,1,0,0,0,0,0,0
261280;;1,1,1,1,1,1,1,1,0;0,1,0,1,0,0,0,0,0
261264;;1,1,1,1,1,1,1,1,0;0,1,0,0,1,0,0,0,0
261256;;1,1,1,1,1,1,1,1,0;0,1,0,0,0,1,0,0,0
261216;;1,1,1,1,1,1,1,1,0;0,0,1,1,0,0,0,0,0
261200;;1,1,1,1,1,1,1,1,0;0,0,1,0,1,0,0,0,0
261192;;1,1,1,1,1,1,1,1,0;0,0,1,0,0,1,0,0,0
261168;;1,1,1,1,1,1,1,1,0;0,0,0,1,1,0,0,0,0
261160;;1,1,1,1,1,1,1,1,0;0,0,0,1,0,1,0,0,0
261144;;1,1,1,1,1,1,1,1,0;0,0,0,0,1,1,0,0,0
260124;;1,1,1,1,1,1,1,0,0;0,0,0,0,1,1,1,0,0
260376;;1,1,1,1,1,1,1,0,0;1,0,0,0,1,1,0,0,0
260248;;1,1,1,1,1,1,1,0,0;0,1,0,0,1,1,0,0,0
260184;;1,1,1,1,1,1,1,0,0;0,0,1,0,1,1,0,0,0
260152;;1,1,1,1,1,1,1,0,0;0,0,0,1,1,1,0,0,0
260110;;1,1,1,1,1,1,1,0,0;0,0,0,0,0,1,1,1,0
260364;;1,1,1,1,1,1,1,0,0;1,0,0,0,0,1,1,0,0
260236;;1,1,1,1,1,1,1,0,0;0,1,0,0,0,1,1,0,0
260172;;1,1,1,1,1,1,1,0,0;0,0,1,0,0,1,1,0,0
260140;;1,1,1,1,1,1,1,0,0;0,0,0,1,0,1,1,0,0
260361;;1,1,1,1,1,1,1,0,0;1,0,0,0,0,1,0,0,1
260488;;1,1,1,1,1,1,1,0,0;1,1,0,0,0,1,0,0,0
260424;;1,1,1,1,1,1,1,0,0;1,0,1,0,0,1,0,0,0
260392;;1,1,1,1,1,1,1,0,0;1,0,0,1,0,1,0,0,0
260296;;1,1,1,1,1,1,1,0,0;0,1,1,0,0,1,0,0,0
260264;;1,1,1,1,1,1,1,0,0;0,1,0,1,0,1,0,0,0
260200;;1,1,1,1,1,1,1,0,0;0,0,1,1,0,1,0,0,0
260103;;1,1,1,1,1,1,1,0,0;0,0,0,0,0,0,1,1,1
260358;;1,1,1,1,1,1,1,0,0;1,0,0,0,0,0,1,1,0
260230;;1,1,1,1,1,1,1,0,0;0,1,0,0,0,0,1,1,0
260166;;1,1,1,1,1,1,1,0,0;0,0,1,0,0,0,1,1,0
260134;;1,1,1,1,1,1,1,0,0;0,0,0,1,0,0,1,1,0
260118;;1,1,1,1,1,1,1,0,0;0,0,0,0,1,0,1,1,0
260357;;1,1,1,1,1,1,1,0,0;1,0,0,0,0,0,1,0,1
260484;;1,1,1,1,1,1,1,0,0;1,1,0,0,0,0,1,0,0
260420;;1,1,1,1,1,1,1,0,0;1,0,1,0,0,0,1,0,0
260388;;1,1,1,1,1,1,1,0,0;1,0,0,1,0,0,1,0,0
260372;;1,1,1,1,1,1,1,0,0;1,0,0,0,1,0,1,0,0
260292;;1,1,1,1,1,1,1,0,0;0,1,1,0,0,0,1,0,0
260260;;1,1,1,1,1,1,1,0,0;0,1,0,1,0,0,1,0,0
260244;;1,1,1,1,1,1,1,0,0;0,1,0,0,1,0,1,0,0
260196;;1,1,1,1,1,1,1,0,0;0,0,1,1,0,0,1,0,0
260180;;1,1,1,1,1,1,1,0,0;0,0,1,0,1,0,1,0,0
260148;;1,1,1,1,1,1,1,0,0;0,0,0,1,1,0,1,0,0
260481;;1,1,1,1,1,1,1,0,0;1,1,0,0,0,0,0,0,1
260417;;1,1,1,1,1,1,1,0,0;1,0,1,0,0,0,0,0,1
260385;;1,1,1,1,1,1,1,0,0;1,0,0,1,0,0,0,0,1
260369;;1,1,1,1,1,1,1,0,0;1,0,0,0,1,0,0,0,1
260355;;1,1,1,1,1,1,1,0,0;1,0,0,0,0,0,0,1,1
260544;;1,1,1,1,1,1,1,0,0;1,1,1,0,0,0,0,0,0
260512;;1,1,1,1,1,1,1,0,0;1,1,0,1,0,0,0,0,0
260496;;1,1,1,1,1,1,1,0,0;1,1,0,0,1,0,0,0,0
260448;;1,1,1,1,1,1,1,0,0;1,0,1,1,0,0,0,0,0
260432;;1,1,1,1,1,1,1,0,0;1,0,1,0,1,0,0,0,0
260400;;1,1,1,1,1,1,1,0,0;1,0,0,1,1,0,0,0,0
260320;;1,1,1,1,1,1,1,0,0;0,1,1,1,0,0,0,0,0
260304;;1,1,1,1,1,1,1,0,0;0,1,1,0,1,0,0,0,0
260272;;1,1,1,1,1,1,1,0,0;0,1,0,1,1,0,0,0,0
260208;;1,1,1,1,1,1,1,0,0;0,0,1,1,1,0,0,0,0
258108;;1,1,1,1,1,1,0,0,0;0,0,0,1,1,1,1,0,0
258360;;1,1,1,1,1,1,0,0,0;1,0,0,1,1,1,0,0,0
258232;;1,1,1,1,1,1,0,0,0;0,1,0,1,1,1,0,0,0
258168;;1,1,1,1,1,1,0,0,0;0,0,1,1,1,1,0,0,0
258353;;1,1,1,1,1,1,0,0,0;1,0,0,1,1,0,0,0,1
258480;;1,1,1,1,1,1,0,0,0;1,1,0,1,1,0,0,0,0
258416;;1,1,1,1,1,1,0,0,0;1,0,1,1,1,0,0,0,0
258288;;1,1,1,1,1,1,0,0,0;0,1,1,1,1,0,0,0,0
258078;;1,1,1,1,1,1,0,0,0;0,0,0,0,1,1,1,1,0
258332;;1,1,1,1,1,1,0,0,0;1,0,0,0,1,1,1,0,0
258204;;1,1,1,1,1,1,0,0,0;0,1,0,0,1,1,1,0,0
258140;;1,1,1,1,1,1,0,0,0;0,0,1,0,1,1,1,0,0
258329;;1,1,1,1,1,1,0,0,0;1,0,0,0,1,1,0,0,1
258456;;1,1,1,1,1,1,0,0,0;1,1,0,0,1,1,0,0,0
258392;;1,1,1,1,1,1,0,0,0;1,0,1,0,1,1,0,0,0
258264;;1,1,1,1,1,1,0,0,0;0,1,1,0,1,1,0,0,0
258449;;1,1,1,1,1,1,0,0,0;1,1,0,0,1,0,0,0,1
258385;;1,1,1,1,1,1,0,0,0;1,0,1,0,1,0,0,0,1
258323;;1,1,1,1,1,1,0,0,0;1,0,0,0,1,0,0,1,1
258512;;1,1,1,1,1,1,0,0,0;1,1,1,0,1,0,0,0,0
259086;;1,1,1,1,1,1,0,1,0;0,0,0,0,0,1,1,1,0
258063;;1,1,1,1,1,1,0,0,0;0,0,0,0,0,1,1,1,1
258318;;1,1,1,1,1,1,0,0,0;1,0,0,0,0,1,1,1,0
258190;;1,1,1,1,1,1,0,0,0;0,1,0,0,0,1,1,1,0
258126;;1,1,1,1,1,1,0,0,0;0,0,1,0,0,1,1,1,0
258094;;1,1,1,1,1,1,0,0,0;0,0,0,1,0,1,1,1,0
258317;;1,1,1,1,1,1,0,0,0;1,0,0,0,0,1,1,0,1
258444;;1,1,1,1,1,1,0,0,0;1,1,0,0,0,1,1,0,0
258380;;1,1,1,1,1,1,0,0,0;1,0,1,0,0,1,1,0,0
258348;;1,1,1,1,1,1,0,0,0;1,0,0,1,0,1,1,0,0
258252;;1,1,1,1,1,1,0,0,0;0,1,1,0,0,1,1,0,0
258220;;1,1,1,1,1,1,0,0,0;0,1,0,1,0,1,1,0,0
258156;;1,1,1,1,1,1,0,0,0;0,0,1,1,0,1,1,0,0
258441;;1,1,1,1,1,1,0,0,0;1,1,0,0,0,1,0,0,1
258377;;1,1,1,1,1,1,0,0,0;1,0,1,0,0,1,0,0,1
258345;;1,1,1,1,1,1,0,0,0;1,0,0,1,0,1,0,0,1
258315;;1,1,1,1,1,1,0,0,0;1,0,0,0,0,1,0,1,1
258504;;1,1,1,1,1,1,0,0,0;1,1,1,0,0,1,0,0,0
258472;;1,1,1,1,1,1,0,0,0;1,1,0,1,0,1,0,0,0
258408;;1,1,1,1,1,1,0,0,0;1,0,1,1,0,1,0,0,0
258280;;1,1,1,1,1,1,0,0,0;0,1,1,1,0,1,0,0,0
258497;;1,1,1,1,1,1,0,0,0;1,1,1,0,0,0,0,0,1
258465;;1,1,1,1,1,1,0,0,0;1,1,0,1,0,0,0,0,1
258435;;1,1,1,1,1,1,0,0,0;1,1,0,0,0,0,0,1,1
258401;;1,1,1,1,1,1,0,0,0;1,0,1,1,0,0,0,0,1
258371;;1,1,1,1,1,1,0,0,0;1,0,1,0,0,0,0,1,1
258339;;1,1,1,1,1,1,0,0,0;1,0,0,1,0,0,0,1,1
259331;;1,1,1,1,1,1,0,1,0;1,0,0,0,0,0,0,1,1
258311;;1,1,1,1,1,1,0,0,0;1,0,0,0,0,0,1,1,1
258528;;1,1,1,1,1,1,0,0,0;1,1,1,1,0,0,0,0,0
254076;;1,1,1,1,1,0,0,0,0;0,0,1,1,1,1,1,0,0
254328;;1,1,1,1,1,0,0,0,0;1,0,1,1,1,1,0,0,0
254200;;1,1,1,1,1,0,0,0,0;0,1,1,1,1,1,0,0,0
254321;;1,1,1,1,1,0,0,0,0;1,0,1,1,1,0,0,0,1
254448;;1,1,1,1,1,0,0,0,0;1,1,1,1,1,0,0,0,0
254307;;1,1,1,1,1,0,0,0,0;1,0,1,1,0,0,0,1,1
254433;;1,1,1,1,1,0,0,0,0;1,1,1,1,0,0,0,0,1
256060;;1,1,1,1,1,0,1,0,0;0,0,0,1,1,1,1,0,0
254014;;1,1,1,1,1,0,0,0,0;0,0,0,1,1,1,1,1,0
254268;;1,1,1,1,1,0,0,0,0;1,0,0,1,1,1,1,0,0
254140;;1,1,1,1,1,0,0,0,0;0,1,0,1,1,1,1,0,0
254265;;1,1,1,1,1,0,0,0,0;1,0,0,1,1,1,0,0,1
254392;;1,1,1,1,1,0,0,0,0;1,1,0,1,1,1,0,0,0
254259;;1,1,1,1,1,0,0,0,0;1,0,0,1,1,0,0,1,1
254385;;1,1,1,1,1,0,0,0,0;1,1,0,1,1,0,0,0,1
254371;;1,1,1,1,1,0,0,0,0;1,1,0,1,0,0,0,1,1
255267;;1,1,1,1,1,0,0,1,0;1,0,0,1,0,0,0,1,1
254247;;1,1,1,1,1,0,0,0,0;1,0,0,1,0,0,1,1,1
257052;;1,1,1,1,1,0,1,1,0;0,0,0,0,1,1,1,0,0
256030;;1,1,1,1,1,0,1,0,0;0,0,0,0,1,1,1,1,0
256284;;1,1,1,1,1,0,1,0,0;1,0,0,0,1,1,1,0,0
256156;;1,1,1,1,1,0,1,0,0;0,1,0,0,1,1,1,0,0
256092;;1,1,1,1,1,0,1,0,0;0,0,1,0,1,1,1,0,0
255006;;1,1,1,1,1,0,0,1,0;0,0,0,0,1,1,1,1,0
253983;;1,1,1,1,1,0,0,0,0;0,0,0,0,1,1,1,1,1
254238;;1,1,1,1,1,0,0,0,0;1,0,0,0,1,1,1,1,0
254110;;1,1,1,1,1,0,0,0,0;0,1,0,0,1,1,1,1,0
254046;;1,1,1,1,1,0,0,0,0;0,0,1,0,1,1,1,1,0
254237;;1,1,1,1,1,0,0,0,0;1,0,0,0,1,1,1,0,1
254364;;1,1,1,1,1,0,0,0,0;1,1,0,0,1,1,1,0,0
254300;;1,1,1,1,1,0,0,0,0;1,0,1,0,1,1,1,0,0
254172;;1,1,1,1,1,0,0,0,0;0,1,1,0,1,1,1,0,0
254361;;1,1,1,1,1,0,0,0,0;1,1,0,0,1,1,0,0,1
254297;;1,1,1,1,1,0,0,0,0;1,0,1,0,1,1,0,0,1
254235;;1,1,1,1,1,0,0,0,0;1,0,0,0,1,1,0,1,1
254424;;1,1,1,1,1,0,0,0,0;1,1,1,0,1,1,0,0,0
254417;;1,1,1,1,1,0,0,0,0;1,1,1,0,1,0,0,0,1
254355;;1,1,1,1,1,0,0,0,0;1,1,0,0,1,0,0,1,1
254291;;1,1,1,1,1,0,0,0,0;1,0,1,0,1,0,0,1,1
255251;;1,1,1,1,1,0,0,1,0;1,0,0,0,1,0,0,1,1
254231;;1,1,1,1,1,0,0,0,0;1,0,0,0,1,0,1,1,1
254403;;1,1,1,1,1,0,0,0,0;1,1,1,0,0,0,0,1,1
255363;;1,1,1,1,1,0,0,1,0;1,1,0,0,0,0,0,1,1
254343;;1,1,1,1,1,0,0,0,0;1,1,0,0,0,0,1,1,1
255299;;1,1,1,1,1,0,0,1,0;1,0,1,0,0,0,0,1,1
254279;;1,1,1,1,1,0,0,0,0;1,0,1,0,0,0,1,1,1
257283;;1,1,1,1,1,0,1,1,0;1,0,0,0,0,0,0,1,1
255239;;1,1,1,1,1,0,0,1,0;1,0,0,0,0,0,1,1,1
256263;;1,1,1,1,1,0,1,0,0;1,0,0,0,0,0,1,1,1
254223;;1,1,1,1,1,0,0,0,0;1,0,0,0,0,1,1,1,1
252024;;1,1,1,1,0,1,1,0,0;0,0,1,1,1,1,0,0,0
250232;;1,1,1,1,0,1,0,0,0;1,0,1,1,1,1,0,0,0
246131;;1,1,1,1,0,0,0,0,0;1,0,1,1,1,0,0,1,1
247139;;1,1,1,1,0,0,0,1,0;1,0,1,1,0,0,0,1,1
249095;;1,1,1,1,0,0,1,1,0;1,0,0,0,0,0,1,1,1
249155;;1,1,1,1,0,0,1,1,0;1,0,1,0,0,0,0,1,1
247111;;1,1,1,1,0,0,0,1,0;1,0,1,0,0,0,1,1,1
248135;;1,1,1,1,0,0,1,0,0;1,0,1,0,0,0,1,1,1
252984;;1,1,1,1,0,1,1,1,0;0,0,0,1,1,1,0,0,0
251964;;1,1,1,1,0,1,1,0,0;0,0,0,1,1,1,1,0,0
252216;;1,1,1,1,0,1,1,0,0;1,0,0,1,1,1,0,0,0
252088;;1,1,1,1,0,1,1,0,0;0,1,0,1,1,1,0,0,0
250172;;1,1,1,1,0,1,0,0,0;1,0,0,1,1,1,1,0,0
250044;;1,1,1,1,0,1,0,0,0;0,1,0,1,1,1,1,0,0
250169;;1,1,1,1,0,1,0,0,0;1,0,0,1,1,1,0,0,1
250296;;1,1,1,1,0,1,0,0,0;1,1,0,1,1,1,0,0,0
248892;;1,1,1,1,0,0,1,1,0;0,0,0,1,1,1,1,0,0
248124;;1,1,1,1,0,0,1,0,0;1,0,0,1,1,1,1,0,0
246075;;1,1,1,1,0,0,0,0,0;1,0,0,1,1,1,0,1,1
246201;;1,1,1,1,0,0,0,0,0;1,1,0,1,1,1,0,0,1
247091;;1,1,1,1,0,0,0,1,0;1,0,0,1,1,0,0,1,1
249219;;1,1,1,1,0,0,1,1,0;1,1,0,0,0,0,0,1,1
252167;;1,1,1,1,0,1,1,0,0;1,0,0,0,0,0,1,1,1
247203;;1,1,1,1,0,0,0,1,0;1,1,0,1,0,0,0,1,1
249123;;1,1,1,1,0,0,1,1,0;1,0,0,1,0,0,0,1,1
248103;;1,1,1,1,0,0,1,0,0;1,0,0,1,0,0,1,1,1
253187;;1,1,1,1,0,1,1,1,0;1,0,0,0,0,0,0,1,1
243828;;1,1,1,0,1,1,1,0,0;0,0,1,1,1,0,1,0,0
244080;;1,1,1,0,1,1,1,0,0;1,0,1,1,1,0,0,0,0
242033;;1,1,1,0,1,1,0,0,0;1,0,1,1,1,0,0,0,1
232803;;1,1,1,0,0,0,1,1,0;1,0,1,1,0,0,0,1,1
262016;;1,1,1,1,1,1,1,1,1;1,1,0,0,0,0,0,0,0
261952;;1,1,1,1,1,1,1,1,1;1,0,1,0,0,0,0,0,0
261920;;1,1,1,1,1,1,1,1,1;1,0,0,1,0,0,0,0,0
261904;;1,1,1,1,1,1,1,1,1;1,0,0,0,1,0,0,0,0
261134;;1,1,1,1,1,1,1,1,0;0,0,0,0,0,1,1,1,0
261388;;1,1,1,1,1,1,1,1,0;1,0,0,0,0,1,1,0,0
261260;;1,1,1,1,1,1,1,1,0;0,1,0,0,0,1,1,0,0
261196;;1,1,1,1,1,1,1,1,0;0,0,1,0,0,1,1,0,0
261164;;1,1,1,1,1,1,1,1,0;0,0,0,1,0,1,1,0,0
261148;;1,1,1,1,1,1,1,1,0;0,0,0,0,1,1,1,0,0
261127;;1,1,1,1,1,1,1,1,0;0,0,0,0,0,0,1,1,1
261382;;1,1,1,1,1,1,1,1,0;1,0,0,0,0,0,1,1,0
261254;;1,1,1,1,1,1,1,1,0;0,1,0,0,0,0,1,1,0
261190;;1,1,1,1,1,1,1,1,0;0,0,1,0,0,0,1,1,0
261158;;1,1,1,1,1,1,1,1,0;0,0,0,1,0,0,1,1,0
261142;;1,1,1,1,1,1,1,1,0;0,0,0,0,1,0,1,1,0
261381;;1,1,1,1,1,1,1,1,0;1,0,0,0,0,0,1,0,1
261508;;1,1,1,1,1,1,1,1,0;1,1,0,0,0,0,1,0,0
261444;;1,1,1,1,1,1,1,1,0;1,0,1,0,0,0,1,0,0
261412;;1,1,1,1,1,1,1,1,0;1,0,0,1,0,0,1,0,0
261396;;1,1,1,1,1,1,1,1,0;1,0,0,0,1,0,1,0,0
261316;;1,1,1,1,1,1,1,1,0;0,1,1,0,0,0,1,0,0
261284;;1,1,1,1,1,1,1,1,0;0,1,0,1,0,0,1,0,0
261268;;1,1,1,1,1,1,1,1,0;0,1,0,0,1,0,1,0,0
261220;;1,1,1,1,1,1,1,1,0;0,0,1,1,0,0,1,0,0
261204;;1,1,1,1,1,1,1,1,0;0,0,1,0,1,0,1,0,0
261172;;1,1,1,1,1,1,1,1,0;0,0,0,1,1,0,1,0,0
261379;;1,1,1,1,1,1,1,1,0;1,0,0,0,0,0,0,1,1
261251;;1,1,1,1,1,1,1,1,0;0,1,0,0,0,0,0,1,1
261187;;1,1,1,1,1,1,1,1,0;0,0,1,0,0,0,0,1,1
261155;;1,1,1,1,1,1,1,1,0;0,0,0,1,0,0,0,1,1
261139;;1,1,1,1,1,1,1,1,0;0,0,0,0,1,0,0,1,1
261131;;1,1,1,1,1,1,1,1,0;0,0,0,0,0,1,0,1,1
261506;;1,1,1,1,1,1,1,1,0;1,1,0,0,0,0,0,1,0
261442;;1,1,1,1,1,1,1,1,0;1,0,1,0,0,0,0,1,0
261410;;1,1,1,1,1,1,1,1,0;1,0,0,1,0,0,0,1,0
261394;;1,1,1,1,1,1,1,1,0;1,0,0,0,1,0,0,1,0
261386;;1,1,1,1,1,1,1,1,0;1,0,0,0,0,1,0,1,0
261314;;1,1,1,1,1,1,1,1,0;0,1,1,0,0,0,0,1,0
261282;;1,1,1,1,1,1,1,1,0;0,1,0,1,0,0,0,1,0
261266;;1,1,1,1,1,1,1,1,0;0,1,0,0,1,0,0,1,0
261258;;1,1,1,1,1,1,1,1,0;0,1,0,0,0,1,0,1,0
261218;;1,1,1,1,1,1,1,1,0;0,0,1,1,0,0,0,1,0
261202;;1,1,1,1,1,1,1,1,0;0,0,1,0,1,0,0,1,0
261194;;1,1,1,1,1,1,1,1,0;0,0,1,0,0,1,0,1,0
261170;;1,1,1,1,1,1,1,1,0;0,0,0,1,1,0,0,1,0
261162;;1,1,1,1,1,1,1,1,0;0,0,0,1,0,1,0,1,0
261146;;1,1,1,1,1,1,1,1,0;0,0,0,0,1,1,0,1,0
261505;;1,1,1,1,1,1,1,1,0;1,1,0,0,0,0,0,0,1
261441;;1,1,1,1,1,1,1,1,0;1,0,1,0,0,0,0,0,1
261409;;1,1,1,1,1,1,1,1,0;1,0,0,1,0,0,0,0,1
261393;;1,1,1,1,1,1,1,1,0;1,0,0,0,1,0,0,0,1
261385;;1,1,1,1,1,1,1,1,0;1,0,0,0,0,1,0,0,1
261568;;1,1,1,1,1,1,1,1,0;1,1,1,0,0,0,0,0,0
261536;;1,1,1,1,1,1,1,1,0;1,1,0,1,0,0,0,0,0
261520;;1,1,1,1,1,1,1,1,0;1,1,0,0,1,0,0,0,0
261512;;1,1,1,1,1,1,1,1,0;1,1,0,0,0,1,0,0,0
261472;;1,1,1,1,1,1,1,1,0;1,0,1,1,0,0,0,0,0
261456;;1,1,1,1,1,1,1,1,0;1,0,1,0,1,0,0,0,0
261448;;1,1,1,1,1,1,1,1,0;1,0,1,0,0,1,0,0,0
261424;;1,1,1,1,1,1,1,1,0;1,0,0,1,1,0,0,0,0
261416;;1,1,1,1,1,1,1,1,0;1,0,0,1,0,1,0,0,0
261400;;1,1,1,1,1,1,1,1,0;1,0,0,0,1,1,0,0,0
261344;;1,1,1,1,1,1,1,1,0;0,1,1,1,0,0,0,0,0
261328;;1,1,1,1,1,1,1,1,0;0,1,1,0,1,0,0,0,0
261320;;1,1,1,1,1,1,1,1,0;0,1,1,0,0,1,0,0,0
261296;;1,1,1,1,1,1,1,1,0;0,1,0,1,1,0,0,0,0
261288;;1,1,1,1,1,1,1,1,0;0,1,0,1,0,1,0,0,0
261272;;1,1,1,1,1,1,1,1,0;0,1,0,0,1,1,0,0,0
261232;;1,1,1,1,1,1,1,1,0;0,0,1,1,1,0,0,0,0
261224;;1,1,1,1,1,1,1,1,0;0,0,1,1,0,1,0,0,0
261208;;1,1,1,1,1,1,1,1,0;0,0,1,0,1,1,0,0,0
261176;;1,1,1,1,1,1,1,1,0;0,0,0,1,1,1,0,0,0
260126;;1,1,1,1,1,1,1,0,0;0,0,0,0,1,1,1,1,0
260380;;1,1,1,1,1,1,1,0,0;1,0,0,0,1,1,1,0,0
260252;;1,1,1,1,1,1,1,0,0;0,1,0,0,1,1,1,0,0
260188;;1,1,1,1,1,1,1,0,0;0,0,1,0,1,1,1,0,0
260156;;1,1,1,1,1,1,1,0,0;0,0,0,1,1,1,1,0,0
260377;;1,1,1,1,1,1,1,0,0;1,0,0,0,1,1,0,0,1
260504;;1,1,1,1,1,1,1,0,0;1,1,0,0,1,1,0,0,0
260440;;1,1,1,1,1,1,1,0,0;1,0,1,0,1,1,0,0,0
260408;;1,1,1,1,1,1,1,0,0;1,0,0,1,1,1,0,0,0
260312;;1,1,1,1,1,1,1,0,0;0,1,1,0,1,1,0,0,0
260280;;1,1,1,1,1,1,1,0,0;0,1,0,1,1,1,0,0,0
260216;;1,1,1,1,1,1,1,0,0;0,0,1,1,1,1,0,0,0
260111;;1,1,1,1,1,1,1,0,0;0,0,0,0,0,1,1,1,1
260366;;1,1,1,1,1,1,1,0,0;1,0,0,0,0,1,1,1,0
260238;;1,1,1,1,1,1,1,0,0;0,1,0,0,0,1,1,1,0
260174;;1,1,1,1,1,1,1,0,0;0,0,1,0,0,1,1,1,0
260142;;1,1,1,1,1,1,1,0,0;0,0,0,1,0,1,1,1,0
260365;;1,1,1,1,1,1,1,0,0;1,0,0,0,0,1,1,0,1
260492;;1,1,1,1,1,1,1,0,0;1,1,0,0,0,1,1,0,0
260428;;1,1,1,1,1,1,1,0,0;1,0,1,0,0,1,1,0,0
260396;;1,1,1,1,1,1,1,0,0;1,0,0,1,0,1,1,0,0
260300;;1,1,1,1,1,1,1,0,0;0,1,1,0,0,1,1,0,0
260268;;1,1,1,1,1,1,1,0,0;0,1,0,1,0,1,1,0,0
260204;;1,1,1,1,1,1,1,0,0;0,0,1,1,0,1,1,0,0
260489;;1,1,1,1,1,1,1,0,0;1,1,0,0,0,1,0,0,1
260425;;1,1,1,1,1,1,1,0,0;1,0,1,0,0,1,0,0,1
260393;;1,1,1,1,1,1,1,0,0;1,0,0,1,0,1,0,0,1
260363;;1,1,1,1,1,1,1,0,0;1,0,0,0,0,1,0,1,1
260552;;1,1,1,1,1,1,1,0,0;1,1,1,0,0,1,0,0,0
260520;;1,1,1,1,1,1,1,0,0;1,1,0,1,0,1,0,0,0
260456;;1,1,1,1,1,1,1,0,0;1,0,1,1,0,1,0,0,0
260328;;1,1,1,1,1,1,1,0,0;0,1,1,1,0,1,0,0,0
260359;;1,1,1,1,1,1,1,0,0;1,0,0,0,0,0,1,1,1
260231;;1,1,1,1,1,1,1,0,0;0,1,0,0,0,0,1,1,1
260167;;1,1,1,1,1,1,1,0,0;0,0,1,0,0,0,1,1,1
260135;;1,1,1,1,1,1,1,0,0;0,0,0,1,0,0,1,1,1
260119;;1,1,1,1,1,1,1,0,0;0,0,0,0,1,0,1,1,1
260486;;1,1,1,1,1,1,1,0,0;1,1,0,0,0,0,1,1,0
260422;;1,1,1,1,1,1,1,0,0;1,0,1,0,0,0,1,1,0
260390;;1,1,1,1,1,1,1,0,0;1,0,0,1,0,0,1,1,0
260374;;1,1,1,1,1,1,1,0,0;1,0,0,0,1,0,1,1,0
260294;;1,1,1,1,1,1,1,0,0;0,1,1,0,0,0,1,1,0
260262;;1,1,1,1,1,1,1,0,0;0,1,0,1,0,0,1,1,0
260246;;1,1,1,1,1,1,1,0,0;0,1,0,0,1,0,1,1,0
260198;;1,1,1,1,1,1,1,0,0;0,0,1,1,0,0,1,1,0
260182;;1,1,1,1,1,1,1,0,0;0,0,1,0,1,0,1,1,0
260150;;1,1,1,1,1,1,1,0,0;0,0,0,1,1,0,1,1,0
260485;;1,1,1,1,1,1,1,0,0;1,1,0,0,0,0,1,0,1
260421;;1,1,1,1,1,1,1,0,0;1,0,1,0,0,0,1,0,1
260389;;1,1,1,1,1,1,1,0,0;1,0,0,1,0,0,1,0,1
260373;;1,1,1,1,1,1,1,0,0;1,0,0,0,1,0,1,0,1
260548;;1,1,1,1,1,1,1,0,0;1,1,1,0,0,0,1,0,0
260516;;1,1,1,1,1,1,1,0,0;1,1,0,1,0,0,1,0,0
260500;;1,1,1,1,1,1,1,0,0;1,1,0,0,1,0,1,0,0
260452;;1,1,1,1,1,1,1,0,0;1,0,1,1,0,0,1,0,0
260436;;1,1,1,1,1,1,1,0,0;1,0,1,0,1,0,1,0,0
260404;;1,1,1,1,1,1,1,0,0;1,0,0,1,1,0,1,0,0
260324;;1,1,1,1,1,1,1,0,0;0,1,1,1,0,0,1,0,0
260308;;1,1,1,1,1,1,1,0,0;0,1,1,0,1,0,1,0,0
260276;;1,1,1,1,1,1,1,0,0;0,1,0,1,1,0,1,0,0
260212;;1,1,1,1,1,1,1,0,0;0,0,1,1,1,0,1,0,0
260545;;1,1,1,1,1,1,1,0,0;1,1,1,0,0,0,0,0,1
260513;;1,1,1,1,1,1,1,0,0;1,1,0,1,0,0,0,0,1
260497;;1,1,1,1,1,1,1,0,0;1,1,0,0,1,0,0,0,1
260483;;1,1,1,1,1,1,1,0,0;1,1,0,0,0,0,0,1,1
260449;;1,1,1,1,1,1,1,0,0;1,0,1,1,0,0,0,0,1
260433;;1,1,1,1,1,1,1,0,0;1,0,1,0,1,0,0,0,1
260419;;1,1,1,1,1,1,1,0,0;1,0,1,0,0,0,0,1,1
260401;;1,1,1,1,1,1,1,0,0;1,0,0,1,1,0,0,0,1
260387;;1,1,1,1,1,1,1,0,0;1,0,0,1,0,0,0,1,1
260371;;1,1,1,1,1,1,1,0,0;1,0,0,0,1,0,0,1,1
260576;;1,1,1,1,1,1,1,0,0;1,1,1,1,0,0,0,0,0
260560;;1,1,1,1,1,1,1,0,0;1,1,1,0,1,0,0,0,0
260528;;1,1,1,1,1,1,1,0,0;1,1,0,1,1,0,0,0,0
260464;;1,1,1,1,1,1,1,0,0;1,0,1,1,1,0,0,0,0
260336;;1,1,1,1,1,1,1,0,0;0,1,1,1,1,0,0,0,0
258110;;1,1,1,1,1,1,0,0,0;0,0,0,1,1,1,1,1,0
258364;;1,1,1,1,1,1,0,0,0;1,0,0,1,1,1,1,0,0
258236;;1,1,1,1,1,1,0,0,0;0,1,0,1,1,1,1,0,0
258172;;1,1,1,1,1,1,0,0,0;0,0,1,1,1,1,1,0,0
258361;;1,1,1,1,1,1,0,0,0;1,0,0,1,1,1,0,0,1
258488;;1,1,1,1,1,1,0,0,0;1,1,0,1,1,1,0,0,0
258424;;1,1,1,1,1,1,0,0,0;1,0,1,1,1,1,0,0,0
258296;;1,1,1,1,1,1,0,0,0;0,1,1,1,1,1,0,0,0
258355;;1,1,1,1,1,1,0,0,0;1,0,0,1,1,0,0,1,1
258481;;1,1,1,1,1,1,0,0,0;1,1,0,1,1,0,0,0,1
258417;;1,1,1,1,1,1,0,0,0;1,0,1,1,1,0,0,0,1
258544;;1,1,1,1,1,1,0,0,0;1,1,1,1,1,0,0,0,0
259102;;1,1,1,1,1,1,0,1,0;0,0,0,0,1,1,1,1,0
258079;;1,1,1,1,1,1,0,0,0;0,0,0,0,1,1,1,1,1
258334;;1,1,1,1,1,1,0,0,0;1,0,0,0,1,1,1,1,0
258206;;1,1,1,1,1,1,0,0,0;0,1,0,0,1,1,1,1,0
258142;;1,1,1,1,1,1,0,0,0;0,0,1,0,1,1,1,1,0
258333;;1,1,1,1,1,1,0,0,0;1,0,0,0,1,1,1,0,1
258460;;1,1,1,1,1,1,0,0,0;1,1,0,0,1,1,1,0,0
258396;;1,1,1,1,1,1,0,0,0;1,0,1,0,1,1,1,0,0
258268;;1,1,1,1,1,1,0,0,0;0,1,1,0,1,1,1,0,0
258457;;1,1,1,1,1,1,0,0,0;1,1,0,0,1,1,0,0,1
258393;;1,1,1,1,1,1,0,0,0;1,0,1,0,1,1,0,0,1
258331;;1,1,1,1,1,1,0,0,0;1,0,0,0,1,1,0,1,1
258520;;1,1,1,1,1,1,0,0,0;1,1,1,0,1,1,0,0,0
258513;;1,1,1,1,1,1,0,0,0;1,1,1,0,1,0,0,0,1
258451;;1,1,1,1,1,1,0,0,0;1,1,0,0,1,0,0,1,1
258387;;1,1,1,1,1,1,0,0,0;1,0,1,0,1,0,0,1,1
259347;;1,1,1,1,1,1,0,1,0;1,0,0,0,1,0,0,1,1
258327;;1,1,1,1,1,1,0,0,0;1,0,0,0,1,0,1,1,1
259087;;1,1,1,1,1,1,0,1,0;0,0,0,0,0,1,1,1,1
259342;;1,1,1,1,1,1,0,1,0;1,0,0,0,0,1,1,1,0
259214;;1,1,1,1,1,1,0,1,0;0,1,0,0,0,1,1,1,0
259150;;1,1,1,1,1,1,0,1,0;0,0,1,0,0,1,1,1,0
259118;;1,1,1,1,1,1,0,1,0;0,0,0,1,0,1,1,1,0
258319;;1,1,1,1,1,1,0,0,0;1,0,0,0,0,1,1,1,1
258191;;1,1,1,1,1,1,0,0,0;0,1,0,0,0,1,1,1,1
258127;;1,1,1,1,1,1,0,0,0;0,0,1,0,0,1,1,1,1
258095;;1,1,1,1,1,1,0,0,0;0,0,0,1,0,1,1,1,1
258446;;1,1,1,1,1,1,0,0,0;1,1,0,0,0,1,1,1,0
258382;;1,1,1,1,1,1,0,0,0;1,0,1,0,0,1,1,1,0
258350;;1,1,1,1,1,1,0,0,0;1,0,0,1,0,1,1,1,0
258254;;1,1,1,1,1,1,0,0,0;0,1,1,0,0,1,1,1,0
258222;;1,1,1,1,1,1,0,0,0;0,1,0,1,0,1,1,1,0
258158;;1,1,1,1,1,1,0,0,0;0,0,1,1,0,1,1,1,0
258445;;1,1,1,1,1,1,0,0,0;1,1,0,0,0,1,1,0,1
258381;;1,1,1,1,1,1,0,0,0;1,0,1,0,0,1,1,0,1
258349;;1,1,1,1,1,1,0,0,0;1,0,0,1,0,1,1,0,1
258508;;1,1,1,1,1,1,0,0,0;1,1,1,0,0,1,1,0,0
258476;;1,1,1,1,1,1,0,0,0;1,1,0,1,0,1,1,0,0
258412;;1,1,1,1,1,1,0,0,0;1,0,1,1,0,1,1,0,0
258284;;1,1,1,1,1,1,0,0,0;0,1,1,1,0,1,1,0,0
258505;;1,1,1,1,1,1,0,0,0;1,1,1,0,0,1,0,0,1
258473;;1,1,1,1,1,1,0,0,0;1,1,0,1,0,1,0,0,1
258443;;1,1,1,1,1,1,0,0,0;1,1,0,0,0,1,0,1,1
258409;;1,1,1,1,1,1,0,0,0;1,0,1,1,0,1,0,0,1
258379;;1,1,1,1,1,1,0,0,0;1,0,1,0,0,1,0,1,1
258347;;1,1,1,1,1,1,0,0,0;1,0,0,1,0,1,0,1,1
259339;;1,1,1,1,1,1,0,1,0;1,0,0,0,0,1,0,1,1
258536;;1,1,1,1,1,1,0,0,0;1,1,1,1,0,1,0,0,0
258529;;1,1,1,1,1,1,0,0,0;1,1,1,1,0,0,0,0,1
258499;;1,1,1,1,1,1,0,0,0;1,1,1,0,0,0,0,1,1
258467;;1,1,1,1,1,1,0,0,0;1,1,0,1,0,0,0,1,1
259459;;1,1,1,1,1,1,0,1,0;1,1,0,0,0,0,0,1,1
258439;;1,1,1,1,1,1,0,0,0;1,1,0,0,0,0,1,1,1
258403;;1,1,1,1,1,1,0,0,0;1,0,1,1,0,0,0,1,1
259395;;1,1,1,1,1,1,0,1,0;1,0,1,0,0,0,0,1,1
258375;;1,1,1,1,1,1,0,0,0;1,0,1,0,0,0,1,1,1
259363;;1,1,1,1,1,1,0,1,0;1,0,0,1,0,0,0,1,1
258343;;1,1,1,1,1,1,0,0,0;1,0,0,1,0,0,1,1,1
259335;;1,1,1,1,1,1,0,1,0;1,0,0,0,0,0,1,1,1
256124;;1,1,1,1,1,0,1,0,0;0,0,1,1,1,1,1,0,0
254329;;1,1,1,1,1,0,0,0,0;1,0,1,1,1,1,0,0,1
254323;;1,1,1,1,1,0,0,0,0;1,0,1,1,1,0,0,1,1
255331;;1,1,1,1,1,0,0,1,0;1,0,1,1,0,0,0,1,1
254311;;1,1,1,1,1,0,0,0,0;1,0,1,1,0,0,1,1,1
257084;;1,1,1,1,1,0,1,1,0;0,0,0,1,1,1,1,0,0
256062;;1,1,1,1,1,0,1,0,0;0,0,0,1,1,1,1,1,0
256316;;1,1,1,1,1,0,1,0,0;1,0,0,1,1,1,1,0,0
256188;;1,1,1,1,1,0,1,0,0;0,1,0,1,1,1,1,0,0
255038;;1,1,1,1,1,0,0,1,0;0,0,0,1,1,1,1,1,0
254269;;1,1,1,1,1,0,0,0,0;1,0,0,1,1,1,1,0,1
254396;;1,1,1,1,1,0,0,0,0;1,1,0,1,1,1,1,0,0
254267;;1,1,1,1,1,0,0,0,0;1,0,0,1,1,1,0,1,1
254393;;1,1,1,1,1,0,0,0,0;1,1,0,1,1,1,0,0,1
255283;;1,1,1,1,1,0,0,1,0;1,0,0,1,1,0,0,1,1
254387;;1,1,1,1,1,0,0,0,0;1,1,0,1,1,0,0,1,1
254263;;1,1,1,1,1,0,0,0,0;1,0,0,1,1,0,1,1,1
255395;;1,1,1,1,1,0,0,1,0;1,1,0,1,0,0,0,1,1
255367;;1,1,1,1,1,0,0,1,0;1,1,0,0,0,0,1,1,1
257315;;1,1,1,1,1,0,1,1,0;1,0,0,1,0,0,0,1,1
255271;;1,1,1,1,1,0,0,1,0;1,0,0,1,0,0,1,1,1
256295;;1,1,1,1,1,0,1,0,0;1,0,0,1,0,0,1,1,1
256271;;1,1,1,1,1,0,1,0,0;1,0,0,0,0,1,1,1,1
257054;;1,1,1,1,1,0,1,1,0;0,0,0,0,1,1,1,1,0
257308;;1,1,1,1,1,0,1,1,0;1,0,0,0,1,1,1,0,0
257180;;1,1,1,1,1,0,1,1,0;0,1,0,0,1,1,1,0,0
257116;;1,1,1,1,1,0,1,1,0;0,0,1,0,1,1,1,0,0
256031;;1,1,1,1,1,0,1,0,0;0,0,0,0,1,1,1,1,1
256286;;1,1,1,1,1,0,1,0,0;1,0,0,0,1,1,1,1,0
256158;;1,1,1,1,1,0,1,0,0;0,1,0,0,1,1,1,1,0
256094;;1,1,1,1,1,0,1,0,0;0,0,1,0,1,1,1,1,0
256285;;1,1,1,1,1,0,1,0,0;1,0,0,0,1,1,1,0,1
256412;;1,1,1,1,1,0,1,0,0;1,1,0,0,1,1,1,0,0
256348;;1,1,1,1,1,0,1,0,0;1,0,1,0,1,1,1,0,0
256220;;1,1,1,1,1,0,1,0,0;0,1,1,0,1,1,1,0,0
255007;;1,1,1,1,1,0,0,1,0;0,0,0,0,1,1,1,1,1
255262;;1,1,1,1,1,0,0,1,0;1,0,0,0,1,1,1,1,0
255134;;1,1,1,1,1,0,0,1,0;0,1,0,0,1,1,1,1,0
255070;;1,1,1,1,1,0,0,1,0;0,0,1,0,1,1,1,1,0
254366;;1,1,1,1,1,0,0,0,0;1,1,0,0,1,1,1,1,0
254302;;1,1,1,1,1,0,0,0,0;1,0,1,0,1,1,1,1,0
254174;;1,1,1,1,1,0,0,0,0;0,1,1,0,1,1,1,1,0
254365;;1,1,1,1,1,0,0,0,0;1,1,0,0,1,1,1,0,1
254301;;1,1,1,1,1,0,0,0,0;1,0,1,0,1,1,1,0,1
254428;;1,1,1,1,1,0,0,0,0;1,1,1,0,1,1,1,0,0
254425;;1,1,1,1,1,0,0,0,0;1,1,1,0,1,1,0,0,1
254363;;1,1,1,1,1,0,0,0,0;1,1,0,0,1,1,0,1,1
254299;;1,1,1,1,1,0,0,0,0;1,0,1,0,1,1,0,1,1
255259;;1,1,1,1,1,0,0,1,0;1,0,0,0,1,1,0,1,1
255427;;1,1,1,1,1,0,0,1,0;1,1,1,0,0,0,0,1,1
255379;;1,1,1,1,1,0,0,1,0;1,1,0,0,1,0,0,1,1
256391;;1,1,1,1,1,0,1,0,0;1,1,0,0,0,0,1,1,1
255315;;1,1,1,1,1,0,0,1,0;1,0,1,0,1,0,0,1,1
254295;;1,1,1,1,1,0,0,0,0;1,0,1,0,1,0,1,1,1
257299;;1,1,1,1,1,0,1,1,0;1,0,0,0,1,0,0,1,1
255255;;1,1,1,1,1,0,0,1,0;1,0,0,0,1,0,1,1,1
256279;;1,1,1,1,1,0,1,0,0;1,0,0,0,1,0,1,1,1
257411;;1,1,1,1,1,0,1,1,0;1,1,0,0,0,0,0,1,1
257347;;1,1,1,1,1,0,1,1,0;1,0,1,0,0,0,0,1,1
255303;;1,1,1,1,1,0,0,1,0;1,0,1,0,0,0,1,1,1
256327;;1,1,1,1,1,0,1,0,0;1,0,1,0,0,0,1,1,1
255247;;1,1,1,1,1,0,0,1,0;1,0,0,0,0,1,1,1,1
257287;;1,1,1,1,1,0,1,1,0;1,0,0,0,0,0,1,1,1
253048;;1,1,1,1,0,1,1,1,0;0,0,1,1,1,1,0,0,0
252280;;1,1,1,1,0,1,1,0,0;1,0,1,1,1,1,0,0,0
247155;;1,1,1,1,0,0,0,1,0;1,0,1,1,1,0,0,1,1
253191;;1,1,1,1,0,1,1,1,0;1,0,0,0,0,0,1,1,1
249187;;1,1,1,1,0,0,1,1,0;1,0,1,1,0,0,0,1,1
249159;;1,1,1,1,0,0,1,1,0;1,0,1,0,0,0,1,1,1
249127;;1,1,1,1,0,0,1,1,0;1,0,0,1,0,0,1,1,1
253251;;1,1,1,1,0,1,1,1,0;1,0,1,0,0,0,0,1,1
252231;;1,1,1,1,0,1,1,0,0;1,0,1,0,0,0,1,1,1
252988;;1,1,1,1,0,1,1,1,0;0,0,0,1,1,1,1,0,0
252986;;1,1,1,1,0,1,1,1,0;0,0,0,1,1,1,0,1,0
253240;;1,1,1,1,0,1,1,1,0;1,0,0,1,1,1,0,0,0
253112;;1,1,1,1,0,1,1,1,0;0,1,0,1,1,1,0,0,0
252220;;1,1,1,1,0,1,1,0,0;1,0,0,1,1,1,1,0,0
252092;;1,1,1,1,0,1,1,0,0;0,1,0,1,1,1,1,0,0
252217;;1,1,1,1,0,1,1,0,0;1,0,0,1,1,1,0,0,1
252344;;1,1,1,1,0,1,1,0,0;1,1,0,1,1,1,0,0,0
250173;;1,1,1,1,0,1,0,0,0;1,0,0,1,1,1,1,0,1
250171;;1,1,1,1,0,1,0,0,0;1,0,0,1,1,1,0,1,1
250297;;1,1,1,1,0,1,0,0,0;1,1,0,1,1,1,0,0,1
249148;;1,1,1,1,0,0,1,1,0;1,0,0,1,1,1,1,0,0
247099;;1,1,1,1,0,0,0,1,0;1,0,0,1,1,1,0,1,1
253315;;1,1,1,1,0,1,1,1,0;1,1,0,0,0,0,0,1,1
249139;;1,1,1,1,0,0,1,1,0;1,0,0,1,1,0,0,1,1
249251;;1,1,1,1,0,0,1,1,0;1,1,0,1,0,0,0,1,1
252199;;1,1,1,1,0,1,1,0,0;1,0,0,1,0,0,1,1,1
253219;;1,1,1,1,0,1,1,1,0;1,0,0,1,0,0,0,1,1
253195;;1,1,1,1,0,1,1,1,0;1,0,0,0,0,1,0,1,1
243830;;1,1,1,0,1,1,1,0,0;0,0,1,1,1,0,1,1,0
244084;;1,1,1,0,1,1,1,0,0;1,0,1,1,1,0,1,0,0
244081;;1,1,1,0,1,1,1,0,0;1,0,1,1,1,0,0,0,1
262080;;1,1,1,1,1,1,1,1,1;1,1,1,0,0,0,0,0,0
262048;;1,1,1,1,1,1,1,1,1;1,1,0,1,0,0,0,0,0
262032;;1,1,1,1,1,1,1,1,1;1,1,0,0,1,0,0,0,0
262024;;1,1,1,1,1,1,1,1,1;1,1,0,0,0,1,0,0,0
262020;;1,1,1,1,1,1,1,1,1;1,1,0,0,0,0,1,0,0
262018;;1,1,1,1,1,1,1,1,1;1,1,0,0,0,0,0,1,0
261968;;1,1,1,1,1,1,1,1,1;1,0,1,0,1,0,0,0,0
261960;;1,1,1,1,1,1,1,1,1;1,0,1,0,0,1,0,0,0
261956;;1,1,1,1,1,1,1,1,1;1,0,1,0,0,0,1,0,0
261924;;1,1,1,1,1,1,1,1,1;1,0,0,1,0,0,1,0,0
261135;;1,1,1,1,1,1,1,1,0;0,0,0,0,0,1,1,1,1
261390;;1,1,1,1,1,1,1,1,0;1,0,0,0,0,1,1,1,0
261262;;1,1,1,1,1,1,1,1,0;0,1,0,0,0,1,1,1,0
261198;;1,1,1,1,1,1,1,1,0;0,0,1,0,0,1,1,1,0
261166;;1,1,1,1,1,1,1,1,0;0,0,0,1,0,1,1,1,0
261150;;1,1,1,1,1,1,1,1,0;0,0,0,0,1,1,1,1,0
261389;;1,1,1,1,1,1,1,1,0;1,0,0,0,0,1,1,0,1
261516;;1,1,1,1,1,1,1,1,0;1,1,0,0,0,1,1,0,0
261452;;1,1,1,1,1,1,1,1,0;1,0,1,0,0,1,1,0,0
261420;;1,1,1,1,1,1,1,1,0;1,0,0,1,0,1,1,0,0
261404;;1,1,1,1,1,1,1,1,0;1,0,0,0,1,1,1,0,0
261324;;1,1,1,1,1,1,1,1,0;0,1,1,0,0,1,1,0,0
261292;;1,1,1,1,1,1,1,1,0;0,1,0,1,0,1,1,0,0
261276;;1,1,1,1,1,1,1,1,0;0,1,0,0,1,1,1,0,0
261228;;1,1,1,1,1,1,1,1,0;0,0,1,1,0,1,1,0,0
261212;;1,1,1,1,1,1,1,1,0;0,0,1,0,1,1,1,0,0
261180;;1,1,1,1,1,1,1,1,0;0,0,0,1,1,1,1,0,0
261383;;1,1,1,1,1,1,1,1,0;1,0,0,0,0,0,1,1,1
261255;;1,1,1,1,1,1,1,1,0;0,1,0,0,0,0,1,1,1
261191;;1,1,1,1,1,1,1,1,0;0,0,1,0,0,0,1,1,1
261159;;1,1,1,1,1,1,1,1,0;0,0,0,1,0,0,1,1,1
261143;;1,1,1,1,1,1,1,1,0;0,0,0,0,1,0,1,1,1
261510;;1,1,1,1,1,1,1,1,0;1,1,0,0,0,0,1,1,0
261446;;1,1,1,1,1,1,1,1,0;1,0,1,0,0,0,1,1,0
261414;;1,1,1,1,1,1,1,1,0;1,0,0,1,0,0,1,1,0
261398;;1,1,1,1,1,1,1,1,0;1,0,0,0,1,0,1,1,0
261318;;1,1,1,1,1,1,1,1,0;0,1,1,0,0,0,1,1,0
261286;;1,1,1,1,1,1,1,1,0;0,1,0,1,0,0,1,1,0
261270;;1,1,1,1,1,1,1,1,0;0,1,0,0,1,0,1,1,0
261222;;1,1,1,1,1,1,1,1,0;0,0,1,1,0,0,1,1,0
261206;;1,1,1,1,1,1,1,1,0;0,0,1,0,1,0,1,1,0
261174;;1,1,1,1,1,1,1,1,0;0,0,0,1,1,0,1,1,0
261509;;1,1,1,1,1,1,1,1,0;1,1,0,0,0,0,1,0,1
261445;;1,1,1,1,1,1,1,1,0;1,0,1,0,0,0,1,0,1
261413;;1,1,1,1,1,1,1,1,0;1,0,0,1,0,0,1,0,1
261397;;1,1,1,1,1,1,1,1,0;1,0,0,0,1,0,1,0,1
261572;;1,1,1,1,1,1,1,1,0;1,1,1,0,0,0,1,0,0
261540;;1,1,1,1,1,1,1,1,0;1,1,0,1,0,0,1,0,0
261524;;1,1,1,1,1,1,1,1,0;1,1,0,0,1,0,1,0,0
261476;;1,1,1,1,1,1,1,1,0;1,0,1,1,0,0,1,0,0
261460;;1,1,1,1,1,1,1,1,0;1,0,1,0,1,0,1,0,0
261428;;1,1,1,1,1,1,1,1,0;1,0,0,1,1,0,1,0,0
261348;;1,1,1,1,1,1,1,1,0;0,1,1,1,0,0,1,0,0
261332;;1,1,1,1,1,1,1,1,0;0,1,1,0,1,0,1,0,0
261300;;1,1,1,1,1,1,1,1,0;0,1,0,1,1,0,1,0,0
261236;;1,1,1,1,1,1,1,1,0;0,0,1,1,1,0,1,0,0
261507;;1,1,1,1,1,1,1,1,0;1,1,0,0,0,0,0,1,1
261443;;1,1,1,1,1,1,1,1,0;1,0,1,0,0,0,0,1,1
261411;;1,1,1,1,1,1,1,1,0;1,0,0,1,0,0,0,1,1
261395;;1,1,1,1,1,1,1,1,0;1,0,0,0,1,0,0,1,1
261387;;1,1,1,1,1,1,1,1,0;1,0,0,0,0,1,0,1,1
261315;;1,1,1,1,1,1,1,1,0;0,1,1,0,0,0,0,1,1
261283;;1,1,1,1,1,1,1,1,0;0,1,0,1,0,0,0,1,1
261267;;1,1,1,1,1,1,1,1,0;0,1,0,0,1,0,0,1,1
261259;;1,1,1,1,1,1,1,1,0;0,1,0,0,0,1,0,1,1
261219;;1,1,1,1,1,1,1,1,0;0,0,1,1,0,0,0,1,1
261203;;1,1,1,1,1,1,1,1,0;0,0,1,0,1,0,0,1,1
261195;;1,1,1,1,1,1,1,1,0;0,0,1,0,0,1,0,1,1
261171;;1,1,1,1,1,1,1,1,0;0,0,0,1,1,0,0,1,1
261163;;1,1,1,1,1,1,1,1,0;0,0,0,1,0,1,0,1,1
261147;;1,1,1,1,1,1,1,1,0;0,0,0,0,1,1,0,1,1
261570;;1,1,1,1,1,1,1,1,0;1,1,1,0,0,0,0,1,0
261538;;1,1,1,1,1,1,1,1,0;1,1,0,1,0,0,0,1,0
261522;;1,1,1,1,1,1,1,1,0;1,1,0,0,1,0,0,1,0
261514;;1,1,1,1,1,1,1,1,0;1,1,0,0,0,1,0,1,0
261474;;1,1,1,1,1,1,1,1,0;1,0,1,1,0,0,0,1,0
261458;;1,1,1,1,1,1,1,1,0;1,0,1,0,1,0,0,1,0
261450;;1,1,1,1,1,1,1,1,0;1,0,1,0,0,1,0,1,0
261426;;1,1,1,1,1,1,1,1,0;1,0,0,1,1,0,0,1,0
261418;;1,1,1,1,1,1,1,1,0;1,0,0,1,0,1,0,1,0
261402;;1,1,1,1,1,1,1,1,0;1,0,0,0,1,1,0,1,0
261346;;1,1,1,1,1,1,1,1,0;0,1,1,1,0,0,0,1,0
261330;;1,1,1,1,1,1,1,1,0;0,1,1,0,1,0,0,1,0
261322;;1,1,1,1,1,1,1,1,0;0,1,1,0,0,1,0,1,0
261298;;1,1,1,1,1,1,1,1,0;0,1,0,1,1,0,0,1,0
261290;;1,1,1,1,1,1,1,1,0;0,1,0,1,0,1,0,1,0
261274;;1,1,1,1,1,1,1,1,0;0,1,0,0,1,1,0,1,0
261234;;1,1,1,1,1,1,1,1,0;0,0,1,1,1,0,0,1,0
261226;;1,1,1,1,1,1,1,1,0;0,0,1,1,0,1,0,1,0
261210;;1,1,1,1,1,1,1,1,0;0,0,1,0,1,1,0,1,0
261178;;1,1,1,1,1,1,1,1,0;0,0,0,1,1,1,0,1,0
261569;;1,1,1,1,1,1,1,1,0;1,1,1,0,0,0,0,0,1
261537;;1,1,1,1,1,1,1,1,0;1,1,0,1,0,0,0,0,1
261521;;1,1,1,1,1,1,1,1,0;1,1,0,0,1,0,0,0,1
261513;;1,1,1,1,1,1,1,1,0;1,1,0,0,0,1,0,0,1
261473;;1,1,1,1,1,1,1,1,0;1,0,1,1,0,0,0,0,1
261457;;1,1,1,1,1,1,1,1,0;1,0,1,0,1,0,0,0,1
261449;;1,1,1,1,1,1,1,1,0;1,0,1,0,0,1,0,0,1
261425;;1,1,1,1,1,1,1,1,0;1,0,0,1,1,0,0,0,1
261417;;1,1,1,1,1,1,1,1,0;1,0,0,1,0,1,0,0,1
261401;;1,1,1,1,1,1,1,1,0;1,0,0,0,1,1,0,0,1
261600;;1,1,1,1,1,1,1,1,0;1,1,1,1,0,0,0,0,0
261584;;1,1,1,1,1,1,1,1,0;1,1,1,0,1,0,0,0,0
261576;;1,1,1,1,1,1,1,1,0;1,1,1,0,0,1,0,0,0
261552;;1,1,1,1,1,1,1,1,0;1,1,0,1,1,0,0,0,0
261544;;1,1,1,1,1,1,1,1,0;1,1,0,1,0,1,0,0,0
261528;;1,1,1,1,1,1,1,1,0;1,1,0,0,1,1,0,0,0
261488;;1,1,1,1,1,1,1,1,0;1,0,1,1,1,0,0,0,0
261480;;1,1,1,1,1,1,1,1,0;1,0,1,1,0,1,0,0,0
261464;;1,1,1,1,1,1,1,1,0;1,0,1,0,1,1,0,0,0
261432;;1,1,1,1,1,1,1,1,0;1,0,0,1,1,1,0,0,0
261360;;1,1,1,1,1,1,1,1,0;0,1,1,1,1,0,0,0,0
261352;;1,1,1,1,1,1,1,1,0;0,1,1,1,0,1,0,0,0
261336;;1,1,1,1,1,1,1,1,0;0,1,1,0,1,1,0,0,0
261304;;1,1,1,1,1,1,1,1,0;0,1,0,1,1,1,0,0,0
261240;;1,1,1,1,1,1,1,1,0;0,0,1,1,1,1,0,0,0
260127;;1,1,1,1,1,1,1,0,0;0,0,0,0,1,1,1,1,1
260382;;1,1,1,1,1,1,1,0,0;1,0,0,0,1,1,1,1,0
260254;;1,1,1,1,1,1,1,0,0;0,1,0,0,1,1,1,1,0
260190;;1,1,1,1,1,1,1,0,0;0,0,1,0,1,1,1,1,0
260158;;1,1,1,1,1,1,1,0,0;0,0,0,1,1,1,1,1,0
260381;;1,1,1,1,1,1,1,0,0;1,0,0,0,1,1,1,0,1
260508;;1,1,1,1,1,1,1,0,0;1,1,0,0,1,1,1,0,0
260444;;1,1,1,1,1,1,1,0,0;1,0,1,0,1,1,1,0,0
260412;;1,1,1,1,1,1,1,0,0;1,0,0,1,1,1,1,0,0
260316;;1,1,1,1,1,1,1,0,0;0,1,1,0,1,1,1,0,0
260284;;1,1,1,1,1,1,1,0,0;0,1,0,1,1,1,1,0,0
260220;;1,1,1,1,1,1,1,0,0;0,0,1,1,1,1,1,0,0
260505;;1,1,1,1,1,1,1,0,0;1,1,0,0,1,1,0,0,1
260441;;1,1,1,1,1,1,1,0,0;1,0,1,0,1,1,0,0,1
260409;;1,1,1,1,1,1,1,0,0;1,0,0,1,1,1,0,0,1
260379;;1,1,1,1,1,1,1,0,0;1,0,0,0,1,1,0,1,1
260568;;1,1,1,1,1,1,1,0,0;1,1,1,0,1,1,0,0,0
260536;;1,1,1,1,1,1,1,0,0;1,1,0,1,1,1,0,0,0
260472;;1,1,1,1,1,1,1,0,0;1,0,1,1,1,1,0,0,0
260344;;1,1,1,1,1,1,1,0,0;0,1,1,1,1,1,0,0,0
260367;;1,1,1,1,1,1,1,0,0;1,0,0,0,0,1,1,1,1
260239;;1,1,1,1,1,1,1,0,0;0,1,0,0,0,1,1,1,1
260175;;1,1,1,1,1,1,1,0,0;0,0,1,0,0,1,1,1,1
260143;;1,1,1,1,1,1,1,0,0;0,0,0,1,0,1,1,1,1
260494;;1,1,1,1,1,1,1,0,0;1,1,0,0,0,1,1,1,0
260430;;1,1,1,1,1,1,1,0,0;1,0,1,0,0,1,1,1,0
260398;;1,1,1,1,1,1,1,0,0;1,0,0,1,0,1,1,1,0
260302;;1,1,1,1,1,1,1,0,0;0,1,1,0,0,1,1,1,0
260270;;1,1,1,1,1,1,1,0,0;0,1,0,1,0,1,1,1,0
260206;;1,1,1,1,1,1,1,0,0;0,0,1,1,0,1,1,1,0
260493;;1,1,1,1,1,1,1,0,0;1,1,0,0,0,1,1,0,1
260429;;1,1,1,1,1,1,1,0,0;1,0,1,0,0,1,1,0,1
260397;;1,1,1,1,1,1,1,0,0;1,0,0,1,0,1,1,0,1
260556;;1,1,1,1,1,1,1,0,0;1,1,1,0,0,1,1,0,0
260524;;1,1,1,1,1,1,1,0,0;1,1,0,1,0,1,1,0,0
260460;;1,1,1,1,1,1,1,0,0;1,0,1,1,0,1,1,0,0
260332;;1,1,1,1,1,1,1,0,0;0,1,1,1,0,1,1,0,0
260553;;1,1,1,1,1,1,1,0,0;1,1,1,0,0,1,0,0,1
260521;;1,1,1,1,1,1,1,0,0;1,1,0,1,0,1,0,0,1
260491;;1,1,1,1,1,1,1,0,0;1,1,0,0,0,1,0,1,1
260457;;1,1,1,1,1,1,1,0,0;1,0,1,1,0,1,0,0,1
260427;;1,1,1,1,1,1,1,0,0;1,0,1,0,0,1,0,1,1
260395;;1,1,1,1,1,1,1,0,0;1,0,0,1,0,1,0,1,1
260584;;1,1,1,1,1,1,1,0,0;1,1,1,1,0,1,0,0,0
260487;;1,1,1,1,1,1,1,0,0;1,1,0,0,0,0,1,1,1
260423;;1,1,1,1,1,1,1,0,0;1,0,1,0,0,0,1,1,1
260391;;1,1,1,1,1,1,1,0,0;1,0,0,1,0,0,1,1,1
260375;;1,1,1,1,1,1,1,0,0;1,0,0,0,1,0,1,1,1
260295;;1,1,1,1,1,1,1,0,0;0,1,1,0,0,0,1,1,1
260263;;1,1,1,1,1,1,1,0,0;0,1,0,1,0,0,1,1,1
260247;;1,1,1,1,1,1,1,0,0;0,1,0,0,1,0,1,1,1
260199;;1,1,1,1,1,1,1,0,0;0,0,1,1,0,0,1,1,1
260183;;1,1,1,1,1,1,1,0,0;0,0,1,0,1,0,1,1,1
260151;;1,1,1,1,1,1,1,0,0;0,0,0,1,1,0,1,1,1
260550;;1,1,1,1,1,1,1,0,0;1,1,1,0,0,0,1,1,0
260518;;1,1,1,1,1,1,1,0,0;1,1,0,1,0,0,1,1,0
260502;;1,1,1,1,1,1,1,0,0;1,1,0,0,1,0,1,1,0
260454;;1,1,1,1,1,1,1,0,0;1,0,1,1,0,0,1,1,0
260438;;1,1,1,1,1,1,1,0,0;1,0,1,0,1,0,1,1,0
260406;;1,1,1,1,1,1,1,0,0;1,0,0,1,1,0,1,1,0
260326;;1,1,1,1,1,1,1,0,0;0,1,1,1,0,0,1,1,0
260310;;1,1,1,1,1,1,1,0,0;0,1,1,0,1,0,1,1,0
260278;;1,1,1,1,1,1,1,0,0;0,1,0,1,1,0,1,1,0
260214;;1,1,1,1,1,1,1,0,0;0,0,1,1,1,0,1,1,0
260549;;1,1,1,1,1,1,1,0,0;1,1,1,0,0,0,1,0,1
260517;;1,1,1,1,1,1,1,0,0;1,1,0,1,0,0,1,0,1
260501;;1,1,1,1,1,1,1,0,0;1,1,0,0,1,0,1,0,1
260453;;1,1,1,1,1,1,1,0,0;1,0,1,1,0,0,1,0,1
260437;;1,1,1,1,1,1,1,0,0;1,0,1,0,1,0,1,0,1
260405;;1,1,1,1,1,1,1,0,0;1,0,0,1,1,0,1,0,1
260580;;1,1,1,1,1,1,1,0,0;1,1,1,1,0,0,1,0,0
260564;;1,1,1,1,1,1,1,0,0;1,1,1,0,1,0,1,0,0
260532;;1,1,1,1,1,1,1,0,0;1,1,0,1,1,0,1,0,0
260468;;1,1,1,1,1,1,1,0,0;1,0,1,1,1,0,1,0,0
260340;;1,1,1,1,1,1,1,0,0;0,1,1,1,1,0,1,0,0
260577;;1,1,1,1,1,1,1,0,0;1,1,1,1,0,0,0,0,1
260561;;1,1,1,1,1,1,1,0,0;1,1,1,0,1,0,0,0,1
260547;;1,1,1,1,1,1,1,0,0;1,1,1,0,0,0,0,1,1
260529;;1,1,1,1,1,1,1,0,0;1,1,0,1,1,0,0,0,1
260515;;1,1,1,1,1,1,1,0,0;1,1,0,1,0,0,0,1,1
260499;;1,1,1,1,1,1,1,0,0;1,1,0,0,1,0,0,1,1
260465;;1,1,1,1,1,1,1,0,0;1,0,1,1,1,0,0,0,1
260451;;1,1,1,1,1,1,1,0,0;1,0,1,1,0,0,0,1,1
260435;;1,1,1,1,1,1,1,0,0;1,0,1,0,1,0,0,1,1
260403;;1,1,1,1,1,1,1,0,0;1,0,0,1,1,0,0,1,1
260592;;1,1,1,1,1,1,1,0,0;1,1,1,1,1,0,0,0,0
259134;;1,1,1,1,1,1,0,1,0;0,0,0,1,1,1,1,1,0
258111;;1,1,1,1,1,1,0,0,0;0,0,0,1,1,1,1,1,1
258366;;1,1,1,1,1,1,0,0,0;1,0,0,1,1,1,1,1,0
258238;;1,1,1,1,1,1,0,0,0;0,1,0,1,1,1,1,1,0
258174;;1,1,1,1,1,1,0,0,0;0,0,1,1,1,1,1,1,0
258365;;1,1,1,1,1,1,0,0,0;1,0,0,1,1,1,1,0,1
258492;;1,1,1,1,1,1,0,0,0;1,1,0,1,1,1,1,0,0
258428;;1,1,1,1,1,1,0,0,0;1,0,1,1,1,1,1,0,0
258300;;1,1,1,1,1,1,0,0,0;0,1,1,1,1,1,1,0,0
258363;;1,1,1,1,1,1,0,0,0;1,0,0,1,1,1,0,1,1
258489;;1,1,1,1,1,1,0,0,0;1,1,0,1,1,1,0,0,1
258425;;1,1,1,1,1,1,0,0,0;1,0,1,1,1,1,0,0,1
258552;;1,1,1,1,1,1,0,0,0;1,1,1,1,1,1,0,0,0
259379;;1,1,1,1,1,1,0,1,0;1,0,0,1,1,0,0,1,1
258483;;1,1,1,1,1,1,0,0,0;1,1,0,1,1,0,0,1,1
258419;;1,1,1,1,1,1,0,0,0;1,0,1,1,1,0,0,1,1
258359;;1,1,1,1,1,1,0,0,0;1,0,0,1,1,0,1,1,1
258545;;1,1,1,1,1,1,0,0,0;1,1,1,1,1,0,0,0,1
259103;;1,1,1,1,1,1,0,1,0;0,0,0,0,1,1,1,1,1
259358;;1,1,1,1,1,1,0,1,0;1,0,0,0,1,1,1,1,0
259230;;1,1,1,1,1,1,0,1,0;0,1,0,0,1,1,1,1,0
259166;;1,1,1,1,1,1,0,1,0;0,0,1,0,1,1,1,1,0
258335;;1,1,1,1,1,1,0,0,0;1,0,0,0,1,1,1,1,1
258207;;1,1,1,1,1,1,0,0,0;0,1,0,0,1,1,1,1,1
258143;;1,1,1,1,1,1,0,0,0;0,0,1,0,1,1,1,1,1
258462;;1,1,1,1,1,1,0,0,0;1,1,0,0,1,1,1,1,0
258398;;1,1,1,1,1,1,0,0,0;1,0,1,0,1,1,1,1,0
258270;;1,1,1,1,1,1,0,0,0;0,1,1,0,1,1,1,1,0
258461;;1,1,1,1,1,1,0,0,0;1,1,0,0,1,1,1,0,1
258397;;1,1,1,1,1,1,0,0,0;1,0,1,0,1,1,1,0,1
258524;;1,1,1,1,1,1,0,0,0;1,1,1,0,1,1,1,0,0
258521;;1,1,1,1,1,1,0,0,0;1,1,1,0,1,1,0,0,1
258459;;1,1,1,1,1,1,0,0,0;1,1,0,0,1,1,0,1,1
258395;;1,1,1,1,1,1,0,0,0;1,0,1,0,1,1,0,1,1
259355;;1,1,1,1,1,1,0,1,0;1,0,0,0,1,1,0,1,1
258515;;1,1,1,1,1,1,0,0,0;1,1,1,0,1,0,0,1,1
259475;;1,1,1,1,1,1,0,1,0;1,1,0,0,1,0,0,1,1
258455;;1,1,1,1,1,1,0,0,0;1,1,0,0,1,0,1,1,1
259411;;1,1,1,1,1,1,0,1,0;1,0,1,0,1,0,0,1,1
258391;;1,1,1,1,1,1,0,0,0;1,0,1,0,1,0,1,1,1
259351;;1,1,1,1,1,1,0,1,0;1,0,0,0,1,0,1,1,1
259343;;1,1,1,1,1,1,0,1,0;1,0,0,0,0,1,1,1,1
259215;;1,1,1,1,1,1,0,1,0;0,1,0,0,0,1,1,1,1
259151;;1,1,1,1,1,1,0,1,0;0,0,1,0,0,1,1,1,1
259119;;1,1,1,1,1,1,0,1,0;0,0,0,1,0,1,1,1,1
259470;;1,1,1,1,1,1,0,1,0;1,1,0,0,0,1,1,1,0
259406;;1,1,1,1,1,1,0,1,0;1,0,1,0,0,1,1,1,0
259374;;1,1,1,1,1,1,0,1,0;1,0,0,1,0,1,1,1,0
259278;;1,1,1,1,1,1,0,1,0;0,1,1,0,0,1,1,1,0
259246;;1,1,1,1,1,1,0,1,0;0,1,0,1,0,1,1,1,0
259182;;1,1,1,1,1,1,0,1,0;0,0,1,1,0,1,1,1,0
258447;;1,1,1,1,1,1,0,0,0;1,1,0,0,0,1,1,1,1
258383;;1,1,1,1,1,1,0,0,0;1,0,1,0,0,1,1,1,1
258351;;1,1,1,1,1,1,0,0,0;1,0,0,1,0,1,1,1,1
258255;;1,1,1,1,1,1,0,0,0;0,1,1,0,0,1,1,1,1
258223;;1,1,1,1,1,1,0,0,0;0,1,0,1,0,1,1,1,1
258159;;1,1,1,1,1,1,0,0,0;0,0,1,1,0,1,1,1,1
258510;;1,1,1,1,1,1,0,0,0;1,1,1,0,0,1,1,1,0
258478;;1,1,1,1,1,1,0,0,0;1,1,0,1,0,1,1,1,0
258414;;1,1,1,1,1,1,0,0,0;1,0,1,1,0,1,1,1,0
258286;;1,1,1,1,1,1,0,0,0;0,1,1,1,0,1,1,1,0
258509;;1,1,1,1,1,1,0,0,0;1,1,1,0,0,1,1,0,1
258477;;1,1,1,1,1,1,0,0,0;1,1,0,1,0,1,1,0,1
258413;;1,1,1,1,1,1,0,0,0;1,0,1,1,0,1,1,0,1
258540;;1,1,1,1,1,1,0,0,0;1,1,1,1,0,1,1,0,0
258537;;1,1,1,1,1,1,0,0,0;1,1,1,1,0,1,0,0,1
258507;;1,1,1,1,1,1,0,0,0;1,1,1,0,0,1,0,1,1
258475;;1,1,1,1,1,1,0,0,0;1,1,0,1,0,1,0,1,1
259467;;1,1,1,1,1,1,0,1,0;1,1,0,0,0,1,0,1,1
258411;;1,1,1,1,1,1,0,0,0;1,0,1,1,0,1,0,1,1
259403;;1,1,1,1,1,1,0,1,0;1,0,1,0,0,1,0,1,1
259371;;1,1,1,1,1,1,0,1,0;1,0,0,1,0,1,0,1,1
258531;;1,1,1,1,1,1,0,0,0;1,1,1,1,0,0,0,1,1
259523;;1,1,1,1,1,1,0,1,0;1,1,1,0,0,0,0,1,1
258503;;1,1,1,1,1,1,0,0,0;1,1,1,0,0,0,1,1,1
259491;;1,1,1,1,1,1,0,1,0;1,1,0,1,0,0,0,1,1
258471;;1,1,1,1,1,1,0,0,0;1,1,0,1,0,0,1,1,1
259463;;1,1,1,1,1,1,0,1,0;1,1,0,0,0,0,1,1,1
259427;;1,1,1,1,1,1,0,1,0;1,0,1,1,0,0,0,1,1
258407;;1,1,1,1,1,1,0,0,0;1,0,1,1,0,0,1,1,1
259399;;1,1,1,1,1,1,0,1,0;1,0,1,0,0,0,1,1,1
259367;;1,1,1,1,1,1,0,1,0;1,0,0,1,0,0,1,1,1
257148;;1,1,1,1,1,0,1,1,0;0,0,1,1,1,1,1,0,0
256380;;1,1,1,1,1,0,1,0,0;1,0,1,1,1,1,1,0,0
254331;;1,1,1,1,1,0,0,0,0;1,0,1,1,1,1,0,1,1
255347;;1,1,1,1,1,0,0,1,0;1,0,1,1,1,0,0,1,1
254327;;1,1,1,1,1,0,0,0,0;1,0,1,1,1,0,1,1,1
257379;;1,1,1,1,1,0,1,1,0;1,0,1,1,0,0,0,1,1
255335;;1,1,1,1,1,0,0,1,0;1,0,1,1,0,0,1,1,1
256359;;1,1,1,1,1,0,1,0,0;1,0,1,1,0,0,1,1,1
257295;;1,1,1,1,1,0,1,1,0;1,0,0,0,0,1,1,1,1
257086;;1,1,1,1,1,0,1,1,0;0,0,0,1,1,1,1,1,0
257340;;1,1,1,1,1,0,1,1,0;1,0,0,1,1,1,1,0,0
257212;;1,1,1,1,1,0,1,1,0;0,1,0,1,1,1,1,0,0
256318;;1,1,1,1,1,0,1,0,0;1,0,0,1,1,1,1,1,0
256190;;1,1,1,1,1,0,1,0,0;0,1,0,1,1,1,1,1,0
256317;;1,1,1,1,1,0,1,0,0;1,0,0,1,1,1,1,0,1
256444;;1,1,1,1,1,0,1,0,0;1,1,0,1,1,1,1,0,0
255294;;1,1,1,1,1,0,0,1,0;1,0,0,1,1,1,1,1,0
254397;;1,1,1,1,1,0,0,0,0;1,1,0,1,1,1,1,0,1
255291;;1,1,1,1,1,0,0,1,0;1,0,0,1,1,1,0,1,1
254395;;1,1,1,1,1,0,0,0,0;1,1,0,1,1,1,0,1,1
257331;;1,1,1,1,1,0,1,1,0;1,0,0,1,1,0,0,1,1
255411;;1,1,1,1,1,0,0,1,0;1,1,0,1,1,0,0,1,1
255287;;1,1,1,1,1,0,0,1,0;1,0,0,1,1,0,1,1,1
257415;;1,1,1,1,1,0,1,1,0;1,1,0,0,0,0,1,1,1
256311;;1,1,1,1,1,0,1,0,0;1,0,0,1,1,0,1,1,1
257443;;1,1,1,1,1,0,1,1,0;1,1,0,1,0,0,0,1,1
255399;;1,1,1,1,1,0,0,1,0;1,1,0,1,0,0,1,1,1
256423;;1,1,1,1,1,0,1,0,0;1,1,0,1,0,0,1,1,1
257319;;1,1,1,1,1,0,1,1,0;1,0,0,1,0,0,1,1,1
256335;;1,1,1,1,1,0,1,0,0;1,0,1,0,0,1,1,1,1
256303;;1,1,1,1,1,0,1,0,0;1,0,0,1,0,1,1,1,1
257055;;1,1,1,1,1,0,1,1,0;0,0,0,0,1,1,1,1,1
257310;;1,1,1,1,1,0,1,1,0;1,0,0,0,1,1,1,1,0
257182;;1,1,1,1,1,0,1,1,0;0,1,0,0,1,1,1,1,0
257118;;1,1,1,1,1,0,1,1,0;0,0,1,0,1,1,1,1,0
257309;;1,1,1,1,1,0,1,1,0;1,0,0,0,1,1,1,0,1
257436;;1,1,1,1,1,0,1,1,0;1,1,0,0,1,1,1,0,0
257372;;1,1,1,1,1,0,1,1,0;1,0,1,0,1,1,1,0,0
257244;;1,1,1,1,1,0,1,1,0;0,1,1,0,1,1,1,0,0
256159;;1,1,1,1,1,0,1,0,0;0,1,0,0,1,1,1,1,1
256095;;1,1,1,1,1,0,1,0,0;0,0,1,0,1,1,1,1,1
256414;;1,1,1,1,1,0,1,0,0;1,1,0,0,1,1,1,1,0
256350;;1,1,1,1,1,0,1,0,0;1,0,1,0,1,1,1,1,0
256222;;1,1,1,1,1,0,1,0,0;0,1,1,0,1,1,1,1,0
256413;;1,1,1,1,1,0,1,0,0;1,1,0,0,1,1,1,0,1
256349;;1,1,1,1,1,0,1,0,0;1,0,1,0,1,1,1,0,1
256476;;1,1,1,1,1,0,1,0,0;1,1,1,0,1,1,1,0,0
255135;;1,1,1,1,1,0,0,1,0;0,1,0,0,1,1,1,1,1
255390;;1,1,1,1,1,0,0,1,0;1,1,0,0,1,1,1,1,0
255326;;1,1,1,1,1,0,0,1,0;1,0,1,0,1,1,1,1,0
255198;;1,1,1,1,1,0,0,1,0;0,1,1,0,1,1,1,1,0
254430;;1,1,1,1,1,0,0,0,0;1,1,1,0,1,1,1,1,0
254429;;1,1,1,1,1,0,0,0,0;1,1,1,0,1,1,1,0,1
257475;;1,1,1,1,1,0,1,1,0;1,1,1,0,0,0,0,1,1
255387;;1,1,1,1,1,0,0,1,0;1,1,0,0,1,1,0,1,1
255323;;1,1,1,1,1,0,0,1,0;1,0,1,0,1,1,0,1,1
257307;;1,1,1,1,1,0,1,1,0;1,0,0,0,1,1,0,1,1
255443;;1,1,1,1,1,0,0,1,0;1,1,1,0,1,0,0,1,1
257427;;1,1,1,1,1,0,1,1,0;1,1,0,0,1,0,0,1,1
256407;;1,1,1,1,1,0,1,0,0;1,1,0,0,1,0,1,1,1
257363;;1,1,1,1,1,0,1,1,0;1,0,1,0,1,0,0,1,1
255319;;1,1,1,1,1,0,0,1,0;1,0,1,0,1,0,1,1,1
256343;;1,1,1,1,1,0,1,0,0;1,0,1,0,1,0,1,1,1
257303;;1,1,1,1,1,0,1,1,0;1,0,0,0,1,0,1,1,1
257351;;1,1,1,1,1,0,1,1,0;1,0,1,0,0,0,1,1,1
255311;;1,1,1,1,1,0,0,1,0;1,0,1,0,0,1,1,1,1
253050;;1,1,1,1,0,1,1,1,0;0,0,1,1,1,1,0,1,0
253304;;1,1,1,1,0,1,1,1,0;1,0,1,1,1,1,0,0,0
252281;;1,1,1,1,0,1,1,0,0;1,0,1,1,1,1,0,0,1
249203;;1,1,1,1,0,0,1,1,0;1,0,1,1,1,0,0,1,1
253255;;1,1,1,1,0,1,1,1,0;1,0,1,0,0,0,1,1,1
253223;;1,1,1,1,0,1,1,1,0;1,0,0,1,0,0,1,1,1
253283;;1,1,1,1,0,1,1,1,0;1,0,1,1,0,0,0,1,1
249191;;1,1,1,1,0,0,1,1,0;1,0,1,1,0,0,1,1,1
252263;;1,1,1,1,0,1,1,0,0;1,0,1,1,0,0,1,1,1
253259;;1,1,1,1,0,1,1,1,0;1,0,1,0,0,1,0,1,1
253244;;1,1,1,1,0,1,1,1,0;1,0,0,1,1,1,1,0,0
253116;;1,1,1,1,0,1,1,1,0;0,1,0,1,1,1,1,0,0
252987;;1,1,1,1,0,1,1,1,0;0,0,0,1,1,1,0,1,1
253242;;1,1,1,1,0,1,1,1,0;1,0,0,1,1,1,0,1,0
253114;;1,1,1,1,0,1,1,1,0;0,1,0,1,1,1,0,1,0
253241;;1,1,1,1,0,1,1,1,0;1,0,0,1,1,1,0,0,1
253368;;1,1,1,1,0,1,1,1,0;1,1,0,1,1,1,0,0,0
252221;;1,1,1,1,0,1,1,0,0;1,0,0,1,1,1,1,0,1
252348;;1,1,1,1,0,1,1,0,0;1,1,0,1,1,1,1,0,0
252219;;1,1,1,1,0,1,1,0,0;1,0,0,1,1,1,0,1,1
252345;;1,1,1,1,0,1,1,0,0;1,1,0,1,1,1,0,0,1
251195;;1,1,1,1,0,1,0,1,0;1,0,0,1,1,1,0,1,1
253323;;1,1,1,1,0,1,1,1,0;1,1,0,0,0,1,0,1,1
249149;;1,1,1,1,0,0,1,1,0;1,0,0,1,1,1,1,0,1
249147;;1,1,1,1,0,0,1,1,0;1,0,0,1,1,1,0,1,1
253347;;1,1,1,1,0,1,1,1,0;1,1,0,1,0,0,0,1,1
253235;;1,1,1,1,0,1,1,1,0;1,0,0,1,1,0,0,1,1
249267;;1,1,1,1,0,0,1,1,0;1,1,0,1,1,0,0,1,1
252215;;1,1,1,1,0,1,1,0,0;1,0,0,1,1,0,1,1,1
253227;;1,1,1,1,0,1,1,1,0;1,0,0,1,0,1,0,1,1
253211;;1,1,1,1,0,1,1,1,0;1,0,0,0,1,1,0,1,1
243831;;1,1,1,0,1,1,1,0,0;0,0,1,1,1,0,1,1,1
244086;;1,1,1,0,1,1,1,0,0;1,0,1,1,1,0,1,1,0
244085;;1,1,1,0,1,1,1,0,0;1,0,1,1,1,0,1,0,1
244083;;1,1,1,0,1,1,1,0,0;1,0,1,1,1,0,0,1,1
262112;;1,1,1,1,1,1,1,1,1;1,1,1,1,0,0,0,0,0
262096;;1,1,1,1,1,1,1,1,1;1,1,1,0,1,0,0,0,0
262088;;1,1,1,1,1,1,1,1,1;1,1,1,0,0,1,0,0,0
262084;;1,1,1,1,1,1,1,1,1;1,1,1,0,0,0,1,0,0
262082;;1,1,1,1,1,1,1,1,1;1,1,1,0,0,0,0,1,0
262064;;1,1,1,1,1,1,1,1,1;1,1,0,1,1,0,0,0,0
262056;;1,1,1,1,1,1,1,1,1;1,1,0,1,0,1,0,0,0
262052;;1,1,1,1,1,1,1,1,1;1,1,0,1,0,0,1,0,0
262050;;1,1,1,1,1,1,1,1,1;1,1,0,1,0,0,0,1,0
262040;;1,1,1,1,1,1,1,1,1;1,1,0,0,1,1,0,0,0
262036;;1,1,1,1,1,1,1,1,1;1,1,0,0,1,0,1,0,0
262034;;1,1,1,1,1,1,1,1,1;1,1,0,0,1,0,0,1,0
262026;;1,1,1,1,1,1,1,1,1;1,1,0,0,0,1,0,1,0
261972;;1,1,1,1,1,1,1,1,1;1,0,1,0,1,0,1,0,0
261391;;1,1,1,1,1,1,1,1,0;1,0,0,0,0,1,1,1,1
261263;;1,1,1,1,1,1,1,1,0;0,1,0,0,0,1,1,1,1
261199;;1,1,1,1,1,1,1,1,0;0,0,1,0,0,1,1,1,1
261167;;1,1,1,1,1,1,1,1,0;0,0,0,1,0,1,1,1,1
261151;;1,1,1,1,1,1,1,1,0;0,0,0,0,1,1,1,1,1
261518;;1,1,1,1,1,1,1,1,0;1,1,0,0,0,1,1,1,0
261454;;1,1,1,1,1,1,1,1,0;1,0,1,0,0,1,1,1,0
261422;;1,1,1,1,1,1,1,1,0;1,0,0,1,0,1,1,1,0
261406;;1,1,1,1,1,1,1,1,0;1,0,0,0,1,1,1,1,0
261326;;1,1,1,1,1,1,1,1,0;0,1,1,0,0,1,1,1,0
261294;;1,1,1,1,1,1,1,1,0;0,1,0,1,0,1,1,1,0
261278;;1,1,1,1,1,1,1,1,0;0,1,0,0,1,1,1,1,0
261230;;1,1,1,1,1,1,1,1,0;0,0,1,1,0,1,1,1,0
261214;;1,1,1,1,1,1,1,1,0;0,0,1,0,1,1,1,1,0
261182;;1,1,1,1,1,1,1,1,0;0,0,0,1,1,1,1,1,0
261517;;1,1,1,1,1,1,1,1,0;1,1,0,0,0,1,1,0,1
261453;;1,1,1,1,1,1,1,1,0;1,0,1,0,0,1,1,0,1
261421;;1,1,1,1,1,1,1,1,0;1,0,0,1,0,1,1,0,1
261405;;1,1,1,1,1,1,1,1,0;1,0,0,0,1,1,1,0,1
261580;;1,1,1,1,1,1,1,1,0;1,1,1,0,0,1,1,0,0
261548;;1,1,1,1,1,1,1,1,0;1,1,0,1,0,1,1,0,0
261532;;1,1,1,1,1,1,1,1,0;1,1,0,0,1,1,1,0,0
261484;;1,1,1,1,1,1,1,1,0;1,0,1,1,0,1,1,0,0
261468;;1,1,1,1,1,1,1,1,0;1,0,1,0,1,1,1,0,0
261436;;1,1,1,1,1,1,1,1,0;1,0,0,1,1,1,1,0,0
261356;;1,1,1,1,1,1,1,1,0;0,1,1,1,0,1,1,0,0
261340;;1,1,1,1,1,1,1,1,0;0,1,1,0,1,1,1,0,0
261308;;1,1,1,1,1,1,1,1,0;0,1,0,1,1,1,1,0,0
261244;;1,1,1,1,1,1,1,1,0;0,0,1,1,1,1,1,0,0
261511;;1,1,1,1,1,1,1,1,0;1,1,0,0,0,0,1,1,1
261447;;1,1,1,1,1,1,1,1,0;1,0,1,0,0,0,1,1,1
261415;;1,1,1,1,1,1,1,1,0;1,0,0,1,0,0,1,1,1
261399;;1,1,1,1,1,1,1,1,0;1,0,0,0,1,0,1,1,1
261319;;1,1,1,1,1,1,1,1,0;0,1,1,0,0,0,1,1,1
261287;;1,1,1,1,1,1,1,1,0;0,1,0,1,0,0,1,1,1
261271;;1,1,1,1,1,1,1,1,0;0,1,0,0,1,0,1,1,1
261223;;1,1,1,1,1,1,1,1,0;0,0,1,1,0,0,1,1,1
261207;;1,1,1,1,1,1,1,1,0;0,0,1,0,1,0,1,1,1
261175;;1,1,1,1,1,1,1,1,0;0,0,0,1,1,0,1,1,1
261574;;1,1,1,1,1,1,1,1,0;1,1,1,0,0,0,1,1,0
261542;;1,1,1,1,1,1,1,1,0;1,1,0,1,0,0,1,1,0
261526;;1,1,1,1,1,1,1,1,0;1,1,0,0,1,0,1,1,0
261478;;1,1,1,1,1,1,1,1,0;1,0,1,1,0,0,1,1,0
261462;;1,1,1,1,1,1,1,1,0;1,0,1,0,1,0,1,1,0
261430;;1,1,1,1,1,1,1,1,0;1,0,0,1,1,0,1,1,0
261350;;1,1,1,1,1,1,1,1,0;0,1,1,1,0,0,1,1,0
261334;;1,1,1,1,1,1,1,1,0;0,1,1,0,1,0,1,1,0
261302;;1,1,1,1,1,1,1,1,0;0,1,0,1,1,0,1,1,0
261238;;1,1,1,1,1,1,1,1,0;0,0,1,1,1,0,1,1,0
261573;;1,1,1,1,1,1,1,1,0;1,1,1,0,0,0,1,0,1
261541;;1,1,1,1,1,1,1,1,0;1,1,0,1,0,0,1,0,1
261525;;1,1,1,1,1,1,1,1,0;1,1,0,0,1,0,1,0,1
261477;;1,1,1,1,1,1,1,1,0;1,0,1,1,0,0,1,0,1
261461;;1,1,1,1,1,1,1,1,0;1,0,1,0,1,0,1,0,1
261429;;1,1,1,1,1,1,1,1,0;1,0,0,1,1,0,1,0,1
261604;;1,1,1,1,1,1,1,1,0;1,1,1,1,0,0,1,0,0
261588;;1,1,1,1,1,1,1,1,0;1,1,1,0,1,0,1,0,0
261556;;1,1,1,1,1,1,1,1,0;1,1,0,1,1,0,1,0,0
261492;;1,1,1,1,1,1,1,1,0;1,0,1,1,1,0,1,0,0
261364;;1,1,1,1,1,1,1,1,0;0,1,1,1,1,0,1,0,0
261571;;1,1,1,1,1,1,1,1,0;1,1,1,0,0,0,0,1,1
261539;;1,1,1,1,1,1,1,1,0;1,1,0,1,0,0,0,1,1
261523;;1,1,1,1,1,1,1,1,0;1,1,0,0,1,0,0,1,1
261515;;1,1,1,1,1,1,1,1,0;1,1,0,0,0,1,0,1,1
261475;;1,1,1,1,1,1,1,1,0;1,0,1,1,0,0,0,1,1
261459;;1,1,1,1,1,1,1,1,0;1,0,1,0,1,0,0,1,1
261451;;1,1,1,1,1,1,1,1,0;1,0,1,0,0,1,0,1,1
261427;;1,1,1,1,1,1,1,1,0;1,0,0,1,1,0,0,1,1
261419;;1,1,1,1,1,1,1,1,0;1,0,0,1,0,1,0,1,1
261403;;1,1,1,1,1,1,1,1,0;1,0,0,0,1,1,0,1,1
261347;;1,1,1,1,1,1,1,1,0;0,1,1,1,0,0,0,1,1
261331;;1,1,1,1,1,1,1,1,0;0,1,1,0,1,0,0,1,1
261323;;1,1,1,1,1,1,1,1,0;0,1,1,0,0,1,0,1,1
261299;;1,1,1,1,1,1,1,1,0;0,1,0,1,1,0,0,1,1
261291;;1,1,1,1,1,1,1,1,0;0,1,0,1,0,1,0,1,1
261275;;1,1,1,1,1,1,1,1,0;0,1,0,0,1,1,0,1,1
261235;;1,1,1,1,1,1,1,1,0;0,0,1,1,1,0,0,1,1
261227;;1,1,1,1,1,1,1,1,0;0,0,1,1,0,1,0,1,1
261211;;1,1,1,1,1,1,1,1,0;0,0,1,0,1,1,0,1,1
261179;;1,1,1,1,1,1,1,1,0;0,0,0,1,1,1,0,1,1
261602;;1,1,1,1,1,1,1,1,0;1,1,1,1,0,0,0,1,0
261586;;1,1,1,1,1,1,1,1,0;1,1,1,0,1,0,0,1,0
261578;;1,1,1,1,1,1,1,1,0;1,1,1,0,0,1,0,1,0
261554;;1,1,1,1,1,1,1,1,0;1,1,0,1,1,0,0,1,0
261546;;1,1,1,1,1,1,1,1,0;1,1,0,1,0,1,0,1,0
261530;;1,1,1,1,1,1,1,1,0;1,1,0,0,1,1,0,1,0
261490;;1,1,1,1,1,1,1,1,0;1,0,1,1,1,0,0,1,0
261482;;1,1,1,1,1,1,1,1,0;1,0,1,1,0,1,0,1,0
261466;;1,1,1,1,1,1,1,1,0;1,0,1,0,1,1,0,1,0
261434;;1,1,1,1,1,1,1,1,0;1,0,0,1,1,1,0,1,0
261362;;1,1,1,1,1,1,1,1,0;0,1,1,1,1,0,0,1,0
261354;;1,1,1,1,1,1,1,1,0;0,1,1,1,0,1,0,1,0
261338;;1,1,1,1,1,1,1,1,0;0,1,1,0,1,1,0,1,0
261306;;1,1,1,1,1,1,1,1,0;0,1,0,1,1,1,0,1,0
261242;;1,1,1,1,1,1,1,1,0;0,0,1,1,1,1,0,1,0
261601;;1,1,1,1,1,1,1,1,0;1,1,1,1,0,0,0,0,1
261585;;1,1,1,1,1,1,1,1,0;1,1,1,0,1,0,0,0,1
261577;;1,1,1,1,1,1,1,1,0;1,1,1,0,0,1,0,0,1
261553;;1,1,1,1,1,1,1,1,0;1,1,0,1,1,0,0,0,1
261545;;1,1,1,1,1,1,1,1,0;1,1,0,1,0,1,0,0,1
261529;;1,1,1,1,1,1,1,1,0;1,1,0,0,1,1,0,0,1
261489;;1,1,1,1,1,1,1,1,0;1,0,1,1,1,0,0,0,1
261481;;1,1,1,1,1,1,1,1,0;1,0,1,1,0,1,0,0,1
261465;;1,1,1,1,1,1,1,1,0;1,0,1,0,1,1,0,0,1
261433;;1,1,1,1,1,1,1,1,0;1,0,0,1,1,1,0,0,1
261616;;1,1,1,1,1,1,1,1,0;1,1,1,1,1,0,0,0,0
261608;;1,1,1,1,1,1,1,1,0;1,1,1,1,0,1,0,0,0
261592;;1,1,1,1,1,1,1,1,0;1,1,1,0,1,1,0,0,0
261560;;1,1,1,1,1,1,1,1,0;1,1,0,1,1,1,0,0,0
261496;;1,1,1,1,1,1,1,1,0;1,0,1,1,1,1,0,0,0
261368;;1,1,1,1,1,1,1,1,0;0,1,1,1,1,1,0,0,0
260383;;1,1,1,1,1,1,1,0,0;1,0,0,0,1,1,1,1,1
260255;;1,1,1,1,1,1,1,0,0;0,1,0,0,1,1,1,1,1
260191;;1,1,1,1,1,1,1,0,0;0,0,1,0,1,1,1,1,1
260159;;1,1,1,1,1,1,1,0,0;0,0,0,1,1,1,1,1,1
260510;;1,1,1,1,1,1,1,0,0;1,1,0,0,1,1,1,1,0
260446;;1,1,1,1,1,1,1,0,0;1,0,1,0,1,1,1,1,0
260414;;1,1,1,1,1,1,1,0,0;1,0,0,1,1,1,1,1,0
260318;;1,1,1,1,1,1,1,0,0;0,1,1,0,1,1,1,1,0
260286;;1,1,1,1,1,1,1,0,0;0,1,0,1,1,1,1,1,0
260222;;1,1,1,1,1,1,1,0,0;0,0,1,1,1,1,1,1,0
260509;;1,1,1,1,1,1,1,0,0;1,1,0,0,1,1,1,0,1
260445;;1,1,1,1,1,1,1,0,0;1,0,1,0,1,1,1,0,1
260413;;1,1,1,1,1,1,1,0,0;1,0,0,1,1,1,1,0,1
260572;;1,1,1,1,1,1,1,0,0;1,1,1,0,1,1,1,0,0
260540;;1,1,1,1,1,1,1,0,0;1,1,0,1,1,1,1,0,0
260476;;1,1,1,1,1,1,1,0,0;1,0,1,1,1,1,1,0,0
260348;;1,1,1,1,1,1,1,0,0;0,1,1,1,1,1,1,0,0
260569;;1,1,1,1,1,1,1,0,0;1,1,1,0,1,1,0,0,1
260537;;1,1,1,1,1,1,1,0,0;1,1,0,1,1,1,0,0,1
260507;;1,1,1,1,1,1,1,0,0;1,1,0,0,1,1,0,1,1
260443;;1,1,1,1,1,1,1,0,0;1,0,1,0,1,1,0,1,1
260473;;1,1,1,1,1,1,1,0,0;1,0,1,1,1,1,0,0,1
260411;;1,1,1,1,1,1,1,0,0;1,0,0,1,1,1,0,1,1
260600;;1,1,1,1,1,1,1,0,0;1,1,1,1,1,1,0,0,0
260495;;1,1,1,1,1,1,1,0,0;1,1,0,0,0,1,1,1,1
260431;;1,1,1,1,1,1,1,0,0;1,0,1,0,0,1,1,1,1
260399;;1,1,1,1,1,1,1,0,0;1,0,0,1,0,1,1,1,1
260303;;1,1,1,1,1,1,1,0,0;0,1,1,0,0,1,1,1,1
260271;;1,1,1,1,1,1,1,0,0;0,1,0,1,0,1,1,1,1
260207;;1,1,1,1,1,1,1,0,0;0,0,1,1,0,1,1,1,1
260558;;1,1,1,1,1,1,1,0,0;1,1,1,0,0,1,1,1,0
260526;;1,1,1,1,1,1,1,0,0;1,1,0,1,0,1,1,1,0
260462;;1,1,1,1,1,1,1,0,0;1,0,1,1,0,1,1,1,0
260334;;1,1,1,1,1,1,1,0,0;0,1,1,1,0,1,1,1,0
260557;;1,1,1,1,1,1,1,0,0;1,1,1,0,0,1,1,0,1
260525;;1,1,1,1,1,1,1,0,0;1,1,0,1,0,1,1,0,1
260461;;1,1,1,1,1,1,1,0,0;1,0,1,1,0,1,1,0,1
260588;;1,1,1,1,1,1,1,0,0;1,1,1,1,0,1,1,0,0
260585;;1,1,1,1,1,1,1,0,0;1,1,1,1,0,1,0,0,1
260555;;1,1,1,1,1,1,1,0,0;1,1,1,0,0,1,0,1,1
260523;;1,1,1,1,1,1,1,0,0;1,1,0,1,0,1,0,1,1
260459;;1,1,1,1,1,1,1,0,0;1,0,1,1,0,1,0,1,1
260551;;1,1,1,1,1,1,1,0,0;1,1,1,0,0,0,1,1,1
260519;;1,1,1,1,1,1,1,0,0;1,1,0,1,0,0,1,1,1
260503;;1,1,1,1,1,1,1,0,0;1,1,0,0,1,0,1,1,1
260455;;1,1,1,1,1,1,1,0,0;1,0,1,1,0,0,1,1,1
260439;;1,1,1,1,1,1,1,0,0;1,0,1,0,1,0,1,1,1
260407;;1,1,1,1,1,1,1,0,0;1,0,0,1,1,0,1,1,1
260327;;1,1,1,1,1,1,1,0,0;0,1,1,1,0,0,1,1,1
260311;;1,1,1,1,1,1,1,0,0;0,1,1,0,1,0,1,1,1
260279;;1,1,1,1,1,1,1,0,0;0,1,0,1,1,0,1,1,1
260215;;1,1,1,1,1,1,1,0,0;0,0,1,1,1,0,1,1,1
260582;;1,1,1,1,1,1,1,0,0;1,1,1,1,0,0,1,1,0
260566;;1,1,1,1,1,1,1,0,0;1,1,1,0,1,0,1,1,0
260534;;1,1,1,1,1,1,1,0,0;1,1,0,1,1,0,1,1,0
260470;;1,1,1,1,1,1,1,0,0;1,0,1,1,1,0,1,1,0
260342;;1,1,1,1,1,1,1,0,0;0,1,1,1,1,0,1,1,0
260581;;1,1,1,1,1,1,1,0,0;1,1,1,1,0,0,1,0,1
260565;;1,1,1,1,1,1,1,0,0;1,1,1,0,1,0,1,0,1
260533;;1,1,1,1,1,1,1,0,0;1,1,0,1,1,0,1,0,1
260469;;1,1,1,1,1,1,1,0,0;1,0,1,1,1,0,1,0,1
260596;;1,1,1,1,1,1,1,0,0;1,1,1,1,1,0,1,0,0
260593;;1,1,1,1,1,1,1,0,0;1,1,1,1,1,0,0,0,1
260579;;1,1,1,1,1,1,1,0,0;1,1,1,1,0,0,0,1,1
260563;;1,1,1,1,1,1,1,0,0;1,1,1,0,1,0,0,1,1
260531;;1,1,1,1,1,1,1,0,0;1,1,0,1,1,0,0,1,1
260467;;1,1,1,1,1,1,1,0,0;1,0,1,1,1,0,0,1,1
259135;;1,1,1,1,1,1,0,1,0;0,0,0,1,1,1,1,1,1
259390;;1,1,1,1,1,1,0,1,0;1,0,0,1,1,1,1,1,0
259262;;1,1,1,1,1,1,0,1,0;0,1,0,1,1,1,1,1,0
259198;;1,1,1,1,1,1,0,1,0;0,0,1,1,1,1,1,1,0
258494;;1,1,1,1,1,1,0,0,0;1,1,0,1,1,1,1,1,0
258493;;1,1,1,1,1,1,0,0,0;1,1,0,1,1,1,1,0,1
258429;;1,1,1,1,1,1,0,0,0;1,0,1,1,1,1,1,0,1
259387;;1,1,1,1,1,1,0,1,0;1,0,0,1,1,1,0,1,1
258491;;1,1,1,1,1,1,0,0,0;1,1,0,1,1,1,0,1,1
258427;;1,1,1,1,1,1,0,0,0;1,0,1,1,1,1,0,1,1
259507;;1,1,1,1,1,1,0,1,0;1,1,0,1,1,0,0,1,1
259443;;1,1,1,1,1,1,0,1,0;1,0,1,1,1,0,0,1,1
259383;;1,1,1,1,1,1,0,1,0;1,0,0,1,1,0,1,1,1
258487;;1,1,1,1,1,1,0,0,0;1,1,0,1,1,0,1,1,1
258423;;1,1,1,1,1,1,0,0,0;1,0,1,1,1,0,1,1,1
259359;;1,1,1,1,1,1,0,1,0;1,0,0,0,1,1,1,1,1
259231;;1,1,1,1,1,1,0,1,0;0,1,0,0,1,1,1,1,1
259167;;1,1,1,1,1,1,0,1,0;0,0,1,0,1,1,1,1,1
259486;;1,1,1,1,1,1,0,1,0;1,1,0,0,1,1,1,1,0
259422;;1,1,1,1,1,1,0,1,0;1,0,1,0,1,1,1,1,0
259294;;1,1,1,1,1,1,0,1,0;0,1,1,0,1,1,1,1,0
258271;;1,1,1,1,1,1,0,0,0;0,1,1,0,1,1,1,1,1
258526;;1,1,1,1,1,1,0,0,0;1,1,1,0,1,1,1,1,0
258525;;1,1,1,1,1,1,0,0,0;1,1,1,0,1,1,1,0,1
258523;;1,1,1,1,1,1,0,0,0;1,1,1,0,1,1,0,1,1
259483;;1,1,1,1,1,1,0,1,0;1,1,0,0,1,1,0,1,1
259419;;1,1,1,1,1,1,0,1,0;1,0,1,0,1,1,0,1,1
259539;;1,1,1,1,1,1,0,1,0;1,1,1,0,1,0,0,1,1
259527;;1,1,1,1,1,1,0,1,0;1,1,1,0,0,0,1,1,1
259479;;1,1,1,1,1,1,0,1,0;1,1,0,0,1,0,1,1,1
259415;;1,1,1,1,1,1,0,1,0;1,0,1,0,1,0,1,1,1
259471;;1,1,1,1,1,1,0,1,0;1,1,0,0,0,1,1,1,1
259407;;1,1,1,1,1,1,0,1,0;1,0,1,0,0,1,1,1,1
259375;;1,1,1,1,1,1,0,1,0;1,0,0,1,0,1,1,1,1
259279;;1,1,1,1,1,1,0,1,0;0,1,1,0,0,1,1,1,1
259247;;1,1,1,1,1,1,0,1,0;0,1,0,1,0,1,1,1,1
259183;;1,1,1,1,1,1,0,1,0;0,0,1,1,0,1,1,1,1
259534;;1,1,1,1,1,1,0,1,0;1,1,1,0,0,1,1,1,0
259502;;1,1,1,1,1,1,0,1,0;1,1,0,1,0,1,1,1,0
259438;;1,1,1,1,1,1,0,1,0;1,0,1,1,0,1,1,1,0
259310;;1,1,1,1,1,1,0,1,0;0,1,1,1,0,1,1,1,0
258415;;1,1,1,1,1,1,0,0,0;1,0,1,1,0,1,1,1,1
258287;;1,1,1,1,1,1,0,0,0;0,1,1,1,0,1,1,1,1
258542;;1,1,1,1,1,1,0,0,0;1,1,1,1,0,1,1,1,0
258541;;1,1,1,1,1,1,0,0,0;1,1,1,1,0,1,1,0,1
259555;;1,1,1,1,1,1,0,1,0;1,1,1,1,0,0,0,1,1
259531;;1,1,1,1,1,1,0,1,0;1,1,1,0,0,1,0,1,1
259499;;1,1,1,1,1,1,0,1,0;1,1,0,1,0,1,0,1,1
259435;;1,1,1,1,1,1,0,1,0;1,0,1,1,0,1,0,1,1
259495;;1,1,1,1,1,1,0,1,0;1,1,0,1,0,0,1,1,1
259431;;1,1,1,1,1,1,0,1,0;1,0,1,1,0,0,1,1,1
257404;;1,1,1,1,1,0,1,1,0;1,0,1,1,1,1,1,0,0
255355;;1,1,1,1,1,0,0,1,0;1,0,1,1,1,1,0,1,1
257395;;1,1,1,1,1,0,1,1,0;1,0,1,1,1,0,0,1,1
255351;;1,1,1,1,1,0,0,1,0;1,0,1,1,1,0,1,1,1
256375;;1,1,1,1,1,0,1,0,0;1,0,1,1,1,0,1,1,1
257383;;1,1,1,1,1,0,1,1,0;1,0,1,1,0,0,1,1,1
257359;;1,1,1,1,1,0,1,1,0;1,0,1,0,0,1,1,1,1
257327;;1,1,1,1,1,0,1,1,0;1,0,0,1,0,1,1,1,1
257342;;1,1,1,1,1,0,1,1,0;1,0,0,1,1,1,1,1,0
257214;;1,1,1,1,1,0,1,1,0;0,1,0,1,1,1,1,1,0
257341;;1,1,1,1,1,0,1,1,0;1,0,0,1,1,1,1,0,1
257468;;1,1,1,1,1,0,1,1,0;1,1,0,1,1,1,1,0,0
256445;;1,1,1,1,1,0,1,0,0;1,1,0,1,1,1,1,0,1
257339;;1,1,1,1,1,0,1,1,0;1,0,0,1,1,1,0,1,1
255419;;1,1,1,1,1,0,0,1,0;1,1,0,1,1,1,0,1,1
257459;;1,1,1,1,1,0,1,1,0;1,1,0,1,1,0,0,1,1
257335;;1,1,1,1,1,0,1,1,0;1,0,0,1,1,0,1,1,1
257447;;1,1,1,1,1,0,1,1,0;1,1,0,1,0,0,1,1,1
257431;;1,1,1,1,1,0,1,1,0;1,1,0,0,1,0,1,1,1
257183;;1,1,1,1,1,0,1,1,0;0,1,0,0,1,1,1,1,1
257119;;1,1,1,1,1,0,1,1,0;0,0,1,0,1,1,1,1,1
257438;;1,1,1,1,1,0,1,1,0;1,1,0,0,1,1,1,1,0
257374;;1,1,1,1,1,0,1,1,0;1,0,1,0,1,1,1,1,0
257246;;1,1,1,1,1,0,1,1,0;0,1,1,0,1,1,1,1,0
257437;;1,1,1,1,1,0,1,1,0;1,1,0,0,1,1,1,0,1
257373;;1,1,1,1,1,0,1,1,0;1,0,1,0,1,1,1,0,1
257500;;1,1,1,1,1,0,1,1,0;1,1,1,0,1,1,1,0,0
256478;;1,1,1,1,1,0,1,0,0;1,1,1,0,1,1,1,1,0
256477;;1,1,1,1,1,0,1,0,0;1,1,1,0,1,1,1,0,1
255454;;1,1,1,1,1,0,0,1,0;1,1,1,0,1,1,1,1,0
257491;;1,1,1,1,1,0,1,1,0;1,1,1,0,1,0,0,1,1
257435;;1,1,1,1,1,0,1,1,0;1,1,0,0,1,1,0,1,1
257371;;1,1,1,1,1,0,1,1,0;1,0,1,0,1,1,0,1,1
257367;;1,1,1,1,1,0,1,1,0;1,0,1,0,1,0,1,1,1
253051;;1,1,1,1,0,1,1,1,0;0,0,1,1,1,1,0,1,1
253306;;1,1,1,1,0,1,1,1,0;1,0,1,1,1,1,0,1,0
253305;;1,1,1,1,0,1,1,1,0;1,0,1,1,1,1,0,0,1
253299;;1,1,1,1,0,1,1,1,0;1,0,1,1,1,0,0,1,1
253287;;1,1,1,1,0,1,1,1,0;1,0,1,1,0,0,1,1,1
253239;;1,1,1,1,0,1,1,1,0;1,0,0,1,1,0,1,1,1
253291;;1,1,1,1,0,1,1,1,0;1,0,1,1,0,1,0,1,1
253275;;1,1,1,1,0,1,1,1,0;1,0,1,0,1,1,0,1,1
253245;;1,1,1,1,0,1,1,1,0;1,0,0,1,1,1,1,0,1
253372;;1,1,1,1,0,1,1,1,0;1,1,0,1,1,1,1,0,0
253243;;1,1,1,1,0,1,1,1,0;1,0,0,1,1,1,0,1,1
253115;;1,1,1,1,0,1,1,1,0;0,1,0,1,1,1,0,1,1
253370;;1,1,1,1,0,1,1,1,0;1,1,0,1,1,1,0,1,0
253369;;1,1,1,1,0,1,1,1,0;1,1,0,1,1,1,0,0,1
253339;;1,1,1,1,0,1,1,1,0;1,1,0,0,1,1,0,1,1
253355;;1,1,1,1,0,1,1,1,0;1,1,0,1,0,1,0,1,1
253363;;1,1,1,1,0,1,1,1,0;1,1,0,1,1,0,0,1,1
262128;;1,1,1,1,1,1,1,1,1;1,1,1,1,1,0,0,0,0
262120;;1,1,1,1,1,1,1,1,1;1,1,1,1,0,1,0,0,0
262116;;1,1,1,1,1,1,1,1,1;1,1,1,1,0,0,1,0,0
262114;;1,1,1,1,1,1,1,1,1;1,1,1,1,0,0,0,1,0
262104;;1,1,1,1,1,1,1,1,1;1,1,1,0,1,1,0,0,0
262100;;1,1,1,1,1,1,1,1,1;1,1,1,0,1,0,1,0,0
262098;;1,1,1,1,1,1,1,1,1;1,1,1,0,1,0,0,1,0
262092;;1,1,1,1,1,1,1,1,1;1,1,1,0,0,1,1,0,0
262090;;1,1,1,1,1,1,1,1,1;1,1,1,0,0,1,0,1,0
262086;;1,1,1,1,1,1,1,1,1;1,1,1,0,0,0,1,1,0
262068;;1,1,1,1,1,1,1,1,1;1,1,0,1,1,0,1,0,0
262066;;1,1,1,1,1,1,1,1,1;1,1,0,1,1,0,0,1,0
262060;;1,1,1,1,1,1,1,1,1;1,1,0,1,0,1,1,0,0
262058;;1,1,1,1,1,1,1,1,1;1,1,0,1,0,1,0,1,0
261519;;1,1,1,1,1,1,1,1,0;1,1,0,0,0,1,1,1,1
261455;;1,1,1,1,1,1,1,1,0;1,0,1,0,0,1,1,1,1
261423;;1,1,1,1,1,1,1,1,0;1,0,0,1,0,1,1,1,1
261407;;1,1,1,1,1,1,1,1,0;1,0,0,0,1,1,1,1,1
261327;;1,1,1,1,1,1,1,1,0;0,1,1,0,0,1,1,1,1
261295;;1,1,1,1,1,1,1,1,0;0,1,0,1,0,1,1,1,1
261279;;1,1,1,1,1,1,1,1,0;0,1,0,0,1,1,1,1,1
261231;;1,1,1,1,1,1,1,1,0;0,0,1,1,0,1,1,1,1
261215;;1,1,1,1,1,1,1,1,0;0,0,1,0,1,1,1,1,1
261183;;1,1,1,1,1,1,1,1,0;0,0,0,1,1,1,1,1,1
261582;;1,1,1,1,1,1,1,1,0;1,1,1,0,0,1,1,1,0
261550;;1,1,1,1,1,1,1,1,0;1,1,0,1,0,1,1,1,0
261534;;1,1,1,1,1,1,1,1,0;1,1,0,0,1,1,1,1,0
261486;;1,1,1,1,1,1,1,1,0;1,0,1,1,0,1,1,1,0
261470;;1,1,1,1,1,1,1,1,0;1,0,1,0,1,1,1,1,0
261438;;1,1,1,1,1,1,1,1,0;1,0,0,1,1,1,1,1,0
261358;;1,1,1,1,1,1,1,1,0;0,1,1,1,0,1,1,1,0
261342;;1,1,1,1,1,1,1,1,0;0,1,1,0,1,1,1,1,0
261310;;1,1,1,1,1,1,1,1,0;0,1,0,1,1,1,1,1,0
261246;;1,1,1,1,1,1,1,1,0;0,0,1,1,1,1,1,1,0
261581;;1,1,1,1,1,1,1,1,0;1,1,1,0,0,1,1,0,1
261549;;1,1,1,1,1,1,1,1,0;1,1,0,1,0,1,1,0,1
261533;;1,1,1,1,1,1,1,1,0;1,1,0,0,1,1,1,0,1
261485;;1,1,1,1,1,1,1,1,0;1,0,1,1,0,1,1,0,1
261469;;1,1,1,1,1,1,1,1,0;1,0,1,0,1,1,1,0,1
261437;;1,1,1,1,1,1,1,1,0;1,0,0,1,1,1,1,0,1
261612;;1,1,1,1,1,1,1,1,0;1,1,1,1,0,1,1,0,0
261596;;1,1,1,1,1,1,1,1,0;1,1,1,0,1,1,1,0,0
261564;;1,1,1,1,1,1,1,1,0;1,1,0,1,1,1,1,0,0
261500;;1,1,1,1,1,1,1,1,0;1,0,1,1,1,1,1,0,0
261372;;1,1,1,1,1,1,1,1,0;0,1,1,1,1,1,1,0,0
261575;;1,1,1,1,1,1,1,1,0;1,1,1,0,0,0,1,1,1
261543;;1,1,1,1,1,1,1,1,0;1,1,0,1,0,0,1,1,1
261527;;1,1,1,1,1,1,1,1,0;1,1,0,0,1,0,1,1,1
261479;;1,1,1,1,1,1,1,1,0;1,0,1,1,0,0,1,1,1
261463;;1,1,1,1,1,1,1,1,0;1,0,1,0,1,0,1,1,1
261431;;1,1,1,1,1,1,1,1,0;1,0,0,1,1,0,1,1,1
261351;;1,1,1,1,1,1,1,1,0;0,1,1,1,0,0,1,1,1
261335;;1,1,1,1,1,1,1,1,0;0,1,1,0,1,0,1,1,1
261303;;1,1,1,1,1,1,1,1,0;0,1,0,1,1,0,1,1,1
261239;;1,1,1,1,1,1,1,1,0;0,0,1,1,1,0,1,1,1
261606;;1,1,1,1,1,1,1,1,0;1,1,1,1,0,0,1,1,0
261590;;1,1,1,1,1,1,1,1,0;1,1,1,0,1,0,1,1,0
261558;;1,1,1,1,1,1,1,1,0;1,1,0,1,1,0,1,1,0
261494;;1,1,1,1,1,1,1,1,0;1,0,1,1,1,0,1,1,0
261366;;1,1,1,1,1,1,1,1,0;0,1,1,1,1,0,1,1,0
261605;;1,1,1,1,1,1,1,1,0;1,1,1,1,0,0,1,0,1
261589;;1,1,1,1,1,1,1,1,0;1,1,1,0,1,0,1,0,1
261557;;1,1,1,1,1,1,1,1,0;1,1,0,1,1,0,1,0,1
261493;;1,1,1,1,1,1,1,1,0;1,0,1,1,1,0,1,0,1
261620;;1,1,1,1,1,1,1,1,0;1,1,1,1,1,0,1,0,0
261603;;1,1,1,1,1,1,1,1,0;1,1,1,1,0,0,0,1,1
261587;;1,1,1,1,1,1,1,1,0;1,1,1,0,1,0,0,1,1
261579;;1,1,1,1,1,1,1,1,0;1,1,1,0,0,1,0,1,1
261555;;1,1,1,1,1,1,1,1,0;1,1,0,1,1,0,0,1,1
261547;;1,1,1,1,1,1,1,1,0;1,1,0,1,0,1,0,1,1
261531;;1,1,1,1,1,1,1,1,0;1,1,0,0,1,1,0,1,1
261491;;1,1,1,1,1,1,1,1,0;1,0,1,1,1,0,0,1,1
261483;;1,1,1,1,1,1,1,1,0;1,0,1,1,0,1,0,1,1
261467;;1,1,1,1,1,1,1,1,0;1,0,1,0,1,1,0,1,1
261435;;1,1,1,1,1,1,1,1,0;1,0,0,1,1,1,0,1,1
261363;;1,1,1,1,1,1,1,1,0;0,1,1,1,1,0,0,1,1
261355;;1,1,1,1,1,1,1,1,0;0,1,1,1,0,1,0,1,1
261339;;1,1,1,1,1,1,1,1,0;0,1,1,0,1,1,0,1,1
261307;;1,1,1,1,1,1,1,1,0;0,1,0,1,1,1,0,1,1
261243;;1,1,1,1,1,1,1,1,0;0,0,1,1,1,1,0,1,1
261618;;1,1,1,1,1,1,1,1,0;1,1,1,1,1,0,0,1,0
261610;;1,1,1,1,1,1,1,1,0;1,1,1,1,0,1,0,1,0
261594;;1,1,1,1,1,1,1,1,0;1,1,1,0,1,1,0,1,0
261562;;1,1,1,1,1,1,1,1,0;1,1,0,1,1,1,0,1,0
261498;;1,1,1,1,1,1,1,1,0;1,0,1,1,1,1,0,1,0
261370;;1,1,1,1,1,1,1,1,0;0,1,1,1,1,1,0,1,0
261617;;1,1,1,1,1,1,1,1,0;1,1,1,1,1,0,0,0,1
261609;;1,1,1,1,1,1,1,1,0;1,1,1,1,0,1,0,0,1
261593;;1,1,1,1,1,1,1,1,0;1,1,1,0,1,1,0,0,1
261561;;1,1,1,1,1,1,1,1,0;1,1,0,1,1,1,0,0,1
261497;;1,1,1,1,1,1,1,1,0;1,0,1,1,1,1,0,0,1
261624;;1,1,1,1,1,1,1,1,0;1,1,1,1,1,1,0,0,0
260511;;1,1,1,1,1,1,1,0,0;1,1,0,0,1,1,1,1,1
260447;;1,1,1,1,1,1,1,0,0;1,0,1,0,1,1,1,1,1
260415;;1,1,1,1,1,1,1,0,0;1,0,0,1,1,1,1,1,1
260319;;1,1,1,1,1,1,1,0,0;0,1,1,0,1,1,1,1,1
260287;;1,1,1,1,1,1,1,0,0;0,1,0,1,1,1,1,1,1
260223;;1,1,1,1,1,1,1,0,0;0,0,1,1,1,1,1,1,1
260574;;1,1,1,1,1,1,1,0,0;1,1,1,0,1,1,1,1,0
260542;;1,1,1,1,1,1,1,0,0;1,1,0,1,1,1,1,1,0
260478;;1,1,1,1,1,1,1,0,0;1,0,1,1,1,1,1,1,0
260350;;1,1,1,1,1,1,1,0,0;0,1,1,1,1,1,1,1,0
260573;;1,1,1,1,1,1,1,0,0;1,1,1,0,1,1,1,0,1
260541;;1,1,1,1,1,1,1,0,0;1,1,0,1,1,1,1,0,1
260477;;1,1,1,1,1,1,1,0,0;1,0,1,1,1,1,1,0,1
260604;;1,1,1,1,1,1,1,0,0;1,1,1,1,1,1,1,0,0
260601;;1,1,1,1,1,1,1,0,0;1,1,1,1,1,1,0,0,1
260571;;1,1,1,1,1,1,1,0,0;1,1,1,0,1,1,0,1,1
260539;;1,1,1,1,1,1,1,0,0;1,1,0,1,1,1,0,1,1
260475;;1,1,1,1,1,1,1,0,0;1,0,1,1,1,1,0,1,1
260559;;1,1,1,1,1,1,1,0,0;1,1,1,0,0,1,1,1,1
260527;;1,1,1,1,1,1,1,0,0;1,1,0,1,0,1,1,1,1
260463;;1,1,1,1,1,1,1,0,0;1,0,1,1,0,1,1,1,1
260335;;1,1,1,1,1,1,1,0,0;0,1,1,1,0,1,1,1,1
260590;;1,1,1,1,1,1,1,0,0;1,1,1,1,0,1,1,1,0
260589;;1,1,1,1,1,1,1,0,0;1,1,1,1,0,1,1,0,1
260587;;1,1,1,1,1,1,1,0,0;1,1,1,1,0,1,0,1,1
260583;;1,1,1,1,1,1,1,0,0;1,1,1,1,0,0,1,1,1
260567;;1,1,1,1,1,1,1,0,0;1,1,1,0,1,0,1,1,1
260535;;1,1,1,1,1,1,1,0,0;1,1,0,1,1,0,1,1,1
260471;;1,1,1,1,1,1,1,0,0;1,0,1,1,1,0,1,1,1
260343;;1,1,1,1,1,1,1,0,0;0,1,1,1,1,0,1,1,1
260598;;1,1,1,1,1,1,1,0,0;1,1,1,1,1,0,1,1,0
260597;;1,1,1,1,1,1,1,0,0;1,1,1,1,1,0,1,0,1
260595;;1,1,1,1,1,1,1,0,0;1,1,1,1,1,0,0,1,1
259263;;1,1,1,1,1,1,0,1,0;0,1,0,1,1,1,1,1,1
259518;;1,1,1,1,1,1,0,1,0;1,1,0,1,1,1,1,1,0
259454;;1,1,1,1,1,1,0,1,0;1,0,1,1,1,1,1,1,0
259515;;1,1,1,1,1,1,0,1,0;1,1,0,1,1,1,0,1,1
259451;;1,1,1,1,1,1,0,1,0;1,0,1,1,1,1,0,1,1
259511;;1,1,1,1,1,1,0,1,0;1,1,0,1,1,0,1,1,1
259447;;1,1,1,1,1,1,0,1,0;1,0,1,1,1,0,1,1,1
259423;;1,1,1,1,1,1,0,1,0;1,0,1,0,1,1,1,1,1
259295;;1,1,1,1,1,1,0,1,0;0,1,1,0,1,1,1,1,1
259550;;1,1,1,1,1,1,0,1,0;1,1,1,0,1,1,1,1,0
259547;;1,1,1,1,1,1,0,1,0;1,1,1,0,1,1,0,1,1
259543;;1,1,1,1,1,1,0,1,0;1,1,1,0,1,0,1,1,1
259503;;1,1,1,1,1,1,0,1,0;1,1,0,1,0,1,1,1,1
259439;;1,1,1,1,1,1,0,1,0;1,0,1,1,0,1,1,1,1
259311;;1,1,1,1,1,1,0,1,0;0,1,1,1,0,1,1,1,1
259566;;1,1,1,1,1,1,0,1,0;1,1,1,1,0,1,1,1,0
259563;;1,1,1,1,1,1,0,1,0;1,1,1,1,0,1,0,1,1
257405;;1,1,1,1,1,0,1,1,0;1,0,1,1,1,1,1,0,1
257403;;1,1,1,1,1,0,1,1,0;1,0,1,1,1,1,0,1,1
257399;;1,1,1,1,1,0,1,1,0;1,0,1,1,1,0,1,1,1
257391;;1,1,1,1,1,0,1,1,0;1,0,1,1,0,1,1,1,1
257470;;1,1,1,1,1,0,1,1,0;1,1,0,1,1,1,1,1,0
257469;;1,1,1,1,1,0,1,1,0;1,1,0,1,1,1,1,0,1
257467;;1,1,1,1,1,0,1,1,0;1,1,0,1,1,1,0,1,1
257463;;1,1,1,1,1,0,1,1,0;1,1,0,1,1,0,1,1,1
257247;;1,1,1,1,1,0,1,1,0;0,1,1,0,1,1,1,1,1
257502;;1,1,1,1,1,0,1,1,0;1,1,1,0,1,1,1,1,0
257501;;1,1,1,1,1,0,1,1,0;1,1,1,0,1,1,1,0,1
257499;;1,1,1,1,1,0,1,1,0;1,1,1,0,1,1,0,1,1
253307;;1,1,1,1,0,1,1,1,0;1,0,1,1,1,1,0,1,1
253303;;1,1,1,1,0,1,1,1,0;1,0,1,1,1,0,1,1,1
253373;;1,1,1,1,0,1,1,1,0;1,1,0,1,1,1,1,0,1
253371;;1,1,1,1,0,1,1,1,0;1,1,0,1,1,1,0,1,1
262136;;1,1,1,1,1,1,1,1,1;1,1,1,1,1,1,0,0,0
262132;;1,1,1,1,1,1,1,1,1;1,1,1,1,1,0,1,0,0
262130;;1,1,1,1,1,1,1,1,1;1,1,1,1,1,0,0,1,0
262124;;1,1,1,1,1,1,1,1,1;1,1,1,1,0,1,1,0,0
262122;;1,1,1,1,1,1,1,1,1;1,1,1,1,0,1,0,1,0
262118;;1,1,1,1,1,1,1,1,1;1,1,1,1,0,0,1,1,0
262108;;1,1,1,1,1,1,1,1,1;1,1,1,0,1,1,1,0,0
262106;;1,1,1,1,1,1,1,1,1;1,1,1,0,1,1,0,1,0
262102;;1,1,1,1,1,1,1,1,1;1,1,1,0,1,0,1,1,0
262070;;1,1,1,1,1,1,1,1,1;1,1,0,1,1,0,1,1,0
261583;;1,1,1,1,1,1,1,1,0;1,1,1,0,0,1,1,1,1
261551;;1,1,1,1,1,1,1,1,0;1,1,0,1,0,1,1,1,1
261535;;1,1,1,1,1,1,1,1,0;1,1,0,0,1,1,1,1,1
261487;;1,1,1,1,1,1,1,1,0;1,0,1,1,0,1,1,1,1
261471;;1,1,1,1,1,1,1,1,0;1,0,1,0,1,1,1,1,1
261439;;1,1,1,1,1,1,1,1,0;1,0,0,1,1,1,1,1,1
261359;;1,1,1,1,1,1,1,1,0;0,1,1,1,0,1,1,1,1
261343;;1,1,1,1,1,1,1,1,0;0,1,1,0,1,1,1,1,1
261311;;1,1,1,1,1,1,1,1,0;0,1,0,1,1,1,1,1,1
261247;;1,1,1,1,1,1,1,1,0;0,0,1,1,1,1,1,1,1
261614;;1,1,1,1,1,1,1,1,0;1,1,1,1,0,1,1,1,0
261598;;1,1,1,1,1,1,1,1,0;1,1,1,0,1,1,1,1,0
261566;;1,1,1,1,1,1,1,1,0;1,1,0,1,1,1,1,1,0
261502;;1,1,1,1,1,1,1,1,0;1,0,1,1,1,1,1,1,0
261374;;1,1,1,1,1,1,1,1,0;0,1,1,1,1,1,1,1,0
261613;;1,1,1,1,1,1,1,1,0;1,1,1,1,0,1,1,0,1
261597;;1,1,1,1,1,1,1,1,0;1,1,1,0,1,1,1,0,1
261565;;1,1,1,1,1,1,1,1,0;1,1,0,1,1,1,1,0,1
261501;;1,1,1,1,1,1,1,1,0;1,0,1,1,1,1,1,0,1
261628;;1,1,1,1,1,1,1,1,0;1,1,1,1,1,1,1,0,0
261607;;1,1,1,1,1,1,1,1,0;1,1,1,1,0,0,1,1,1
261591;;1,1,1,1,1,1,1,1,0;1,1,1,0,1,0,1,1,1
261559;;1,1,1,1,1,1,1,1,0;1,1,0,1,1,0,1,1,1
261495;;1,1,1,1,1,1,1,1,0;1,0,1,1,1,0,1,1,1
261367;;1,1,1,1,1,1,1,1,0;0,1,1,1,1,0,1,1,1
261622;;1,1,1,1,1,1,1,1,0;1,1,1,1,1,0,1,1,0
261621;;1,1,1,1,1,1,1,1,0;1,1,1,1,1,0,1,0,1
261619;;1,1,1,1,1,1,1,1,0;1,1,1,1,1,0,0,1,1
261611;;1,1,1,1,1,1,1,1,0;1,1,1,1,0,1,0,1,1
261595;;1,1,1,1,1,1,1,1,0;1,1,1,0,1,1,0,1,1
261563;;1,1,1,1,1,1,1,1,0;1,1,0,1,1,1,0,1,1
261499;;1,1,1,1,1,1,1,1,0;1,0,1,1,1,1,0,1,1
261371;;1,1,1,1,1,1,1,1,0;0,1,1,1,1,1,0,1,1
261626;;1,1,1,1,1,1,1,1,0;1,1,1,1,1,1,0,1,0
261625;;1,1,1,1,1,1,1,1,0;1,1,1,1,1,1,0,0,1
262140;;1,1,1,1,1,1,1,1,1;1,1,1,1,1,1,1,0,0
262138;;1,1,1,1,1,1,1,1,1;1,1,1,1,1,1,0,1,0
262134;;1,1,1,1,1,1,1,1,1;1,1,1,1,1,0,1,1,0
262126;;1,1,1,1,1,1,1,1,1;1,1,1,1,0,1,1,1,0
261615;;1,1,1,1,1,1,1,1,0;1,1,1,1,0,1,1,1,1
261599;;1,1,1,1,1,1,1,1,0;1,1,1,0,1,1,1,1,1
261567;;1,1,1,1,1,1,1,1,0;1,1,0,1,1,1,1,1,1
261503;;1,1,1,1,1,1,1,1,0;1,0,1,1,1,1,1,1,1
261375;;1,1,1,1,1,1,1,1,0;0,1,1,1,1,1,1,1,1
261630;;1,1,1,1,1,1,1,1,0;1,1,1,1,1,1,1,1,0
261629;;1,1,1,1,1,1,1,1,0;1,1,1,1,1,1,1,0,1
261623;;1,1,1,1,1,1,1,1,0;1,1,1,1,1,0,1,1,1
261627;;1,1,1,1,1,1,1,1,0;1,1,1,1,1,1,0,1,1
262142;;1,1,1,1,1,1,1,1,1;1,1,1,1,1,1,1,1,0
262143;;1,1,1,1,1,1,1,1,1;1,1,1,1,1,1,1,1,1
