32;;1,0,0;0,0,0	32;;1,0,0;0,0,0	2	48;;1,1,0;0,0,0	1,0	1
32;;1,0,0;0,0,0	32;;1,0,0;0,0,0	1	36;;1,0,0;1,0,0	0,1	1
32;;1,0,0;0,0,0	48;;1,1,0;0,0,0	1	56;;1,1,1;0,0,0	2,0	3
32;;1,0,0;0,0,0	48;;1,1,0;0,0,0	1	52;;1,1,0;1,0,0	0,1	1
32;;1,0,0;0,0,0	48;;1,1,0;0,0,0	1	50;;1,1,0;0,1,0	0,1	1
32;;1,0,0;0,0,0	36;;1,0,0;1,0,0	2	50;;1,1,0;0,1,0	1,0	1
32;;1,0,0;0,0,0	36;;1,0,0;1,0,0	2	52;;1,1,0;1,0,0	1,0	1
32;;1,0,0;0,0,0	56;;1,1,1;0,0,0	3	60;;1,1,1;1,0,0	0,1	1
32;;1,0,0;0,0,0	52;;1,1,0;1,0,0	1	60;;1,1,1;1,0,0	2,0	1
32;;1,0,0;0,0,0	52;;1,1,0;1,0,0	1	53;;1,1,0;1,0,1	1,0	2
32;;1,0,0;0,0,0	52;;1,1,0;1,0,0	1	54;;1,1,0;1,1,0	1,1	2
32;;1,0,0;0,0,0	50;;1,1,0;0,1,0	1	60;;1,1,1;1,0,0	2,0	1
32;;1,0,0;0,0,0	50;;1,1,0;0,1,0	1	54;;1,1,0;1,1,0	1,1	2
32;;1,0,0;0,0,0	50;;1,1,0;0,1,0	1	51;;1,1,0;0,1,1	1,0	2
32;;1,0,0;0,0,0	60;;1,1,1;1,0,0	2	62;;1,1,1;1,1,0	1,1	2
32;;1,0,0;0,0,0	53;;1,1,0;1,0,1	2	62;;1,1,1;1,1,0	2,1	1
32;;1,0,0;0,0,0	54;;1,1,0;1,1,0	2	62;;1,1,1;1,1,0	2,0	1
32;;1,0,0;0,0,0	51;;1,1,0;0,1,1	2	62;;1,1,1;1,1,0	2,1	1
32;;1,0,0;0,0,0	62;;1,1,1;1,1,0	1	63;;1,1,1;1,1,1	2,1	6
48;;1,1,0;0,0,0	48;;1,1,0;0,0,0	1	54;;1,1,0;1,1,0	0,2	1
48;;1,1,0;0,0,0	48;;1,1,0;0,0,0	1	51;;1,1,0;0,1,1	0,1	1
48;;1,1,0;0,0,0	48;;1,1,0;0,0,0	1	53;;1,1,0;1,0,1	0,1	1
48;;1,1,0;0,0,0	36;;1,0,0;1,0,0	2	60;;1,1,1;1,0,0	2,0	1
48;;1,1,0;0,0,0	56;;1,1,1;0,0,0	3	62;;1,1,1;1,1,0	0,2	1
48;;1,1,0;0,0,0	52;;1,1,0;1,0,0	1	62;;1,1,1;1,1,0	2,1	1
48;;1,1,0;0,0,0	50;;1,1,0;0,1,0	1	62;;1,1,1;1,1,0	2,1	1
48;;1,1,0;0,0,0	60;;1,1,1;1,0,0	1	63;;1,1,1;1,1,1	2,2	6
36;;1,0,0;1,0,0	36;;1,0,0;1,0,0	4	54;;1,1,0;1,1,0	2,0	1
36;;1,0,0;1,0,0	52;;1,1,0;1,0,0	2	62;;1,1,1;1,1,0	3,0	1
36;;1,0,0;1,0,0	50;;1,1,0;0,1,0	2	62;;1,1,1;1,1,0	3,0	1
36;;1,0,0;1,0,0	54;;1,1,0;1,1,0	2	63;;1,1,1;1,1,1	4,0	3
56;;1,1,1;0,0,0	56;;1,1,1;0,0,0	3	63;;1,1,1;1,1,1	0,3	1
52;;1,1,0;1,0,0	52;;1,1,0;1,0,0	1	63;;1,1,1;1,1,1	4,1	3
50;;1,1,0;0,1,0	50;;1,1,0;0,1,0	1	63;;1,1,1;1,1,1	4,1	3
