32768;;1,0,0,0,0,0,0,0;0,0,0,0,0,0,0,0
49152;;1,1,0,0,0,0,0,0;0,0,0,0,0,0,0,0
32896;;1,0,0,0,0,0,0,0;1,0,0,0,0,0,0,0
57344;;1,1,1,0,0,0,0,0;0,0,0,0,0,0,0,0
49280;;1,1,0,0,0,0,0,0;1,0,0,0,0,0,0,0
49216;;1,1,0,0,0,0,0,0;0,1,0,0,0,0,0,0
61440;;1,1,1,1,0,0,0,0;0,0,0,0,0,0,0,0
57408;;1,1,1,0,0,0,0,0;0,1,0,0,0,0,0,0
57376;;1,1,1,0,0,0,0,0;0,0,1,0,0,0,0,0
57472;;1,1,1,0,0,0,0,0;1,0,0,0,0,0,0,0
49281;;1,1,0,0,0,0,0,0;1,0,0,0,0,0,0,1
49344;;1,1,0,0,0,0,0,0;1,1,0,0,0,0,0,0
49248;;1,1,0,0,0,0,0,0;0,1,1,0,0,0,0,0
63488;;1,1,1,1,1,0,0,0;0,0,0,0,0,0,0,0
61472;;1,1,1,1,0,0,0,0;0,0,1,0,0,0,0,0
61456;;1,1,1,1,0,0,0,0;0,0,0,1,0,0,0,0
61568;;1,1,1,1,0,0,0,0;1,0,0,0,0,0,0,0
61504;;1,1,1,1,0,0,0,0;0,1,0,0,0,0,0,0
57536;;1,1,1,0,0,0,0,0;1,1,0,0,0,0,0,0
57440;;1,1,1,0,0,0,0,0;0,1,1,0,0,0,0,0
57392;;1,1,1,0,0,0,0,0;0,0,1,1,0,0,0,0
57504;;1,1,1,0,0,0,0,0;1,0,1,0,0,0,0,0
57473;;1,1,1,0,0,0,0,0;1,0,0,0,0,0,0,1
64512;;1,1,1,1,1,1,0,0;0,0,0,0,0,0,0,0
63504;;1,1,1,1,1,0,0,0;0,0,0,1,0,0,0,0
63496;;1,1,1,1,1,0,0,0;0,0,0,0,1,0,0,0
63616;;1,1,1,1,1,0,0,0;1,0,0,0,0,0,0,0
63552;;1,1,1,1,1,0,0,0;0,1,0,0,0,0,0,0
63520;;1,1,1,1,1,0,0,0;0,0,1,0,0,0,0,0
61536;;1,1,1,1,0,0,0,0;0,1,1,0,0,0,0,0
61488;;1,1,1,1,0,0,0,0;0,0,1,1,0,0,0,0
61600;;1,1,1,1,0,0,0,0;1,0,1,0,0,0,0,0
61464;;1,1,1,1,0,0,0,0;0,0,0,1,1,0,0,0
61584;;1,1,1,1,0,0,0,0;1,0,0,1,0,0,0,0
61520;;1,1,1,1,0,0,0,0;0,1,0,1,0,0,0,0
61569;;1,1,1,1,0,0,0,0;1,0,0,0,0,0,0,1
61632;;1,1,1,1,0,0,0,0;1,1,0,0,0,0,0,0
57568;;1,1,1,0,0,0,0,0;1,1,1,0,0,0,0,0
57537;;1,1,1,0,0,0,0,0;1,1,0,0,0,0,0,1
57456;;1,1,1,0,0,0,0,0;0,1,1,1,0,0,0,0
57400;;1,1,1,0,0,0,0,0;0,0,1,1,1,0,0,0
57520;;1,1,1,0,0,0,0,0;1,0,1,1,0,0,0,0
57505;;1,1,1,0,0,0,0,0;1,0,1,0,0,0,0,1
57475;;1,1,1,0,0,0,0,0;1,0,0,0,0,0,1,1
65024;;1,1,1,1,1,1,1,0;0,0,0,0,0,0,0,0
64520;;1,1,1,1,1,1,0,0;0,0,0,0,1,0,0,0
64516;;1,1,1,1,1,1,0,0;0,0,0,0,0,1,0,0
64640;;1,1,1,1,1,1,0,0;1,0,0,0,0,0,0,0
64576;;1,1,1,1,1,1,0,0;0,1,0,0,0,0,0,0
64544;;1,1,1,1,1,1,0,0;0,0,1,0,0,0,0,0
64528;;1,1,1,1,1,1,0,0;0,0,0,1,0,0,0,0
63536;;1,1,1,1,1,0,0,0;0,0,1,1,0,0,0,0
63512;;1,1,1,1,1,0,0,0;0,0,0,1,1,0,0,0
63632;;1,1,1,1,1,0,0,0;1,0,0,1,0,0,0,0
63568;;1,1,1,1,1,0,0,0;0,1,0,1,0,0,0,0
63500;;1,1,1,1,1,0,0,0;0,0,0,0,1,1,0,0
63624;;1,1,1,1,1,0,0,0;1,0,0,0,1,0,0,0
63560;;1,1,1,1,1,0,0,0;0,1,0,0,1,0,0,0
63528;;1,1,1,1,1,0,0,0;0,0,1,0,1,0,0,0
63617;;1,1,1,1,1,0,0,0;1,0,0,0,0,0,0,1
63680;;1,1,1,1,1,0,0,0;1,1,0,0,0,0,0,0
63648;;1,1,1,1,1,0,0,0;1,0,1,0,0,0,0,0
63584;;1,1,1,1,1,0,0,0;0,1,1,0,0,0,0,0
61552;;1,1,1,1,0,0,0,0;0,1,1,1,0,0,0,0
61664;;1,1,1,1,0,0,0,0;1,1,1,0,0,0,0,0
61496;;1,1,1,1,0,0,0,0;0,0,1,1,1,0,0,0
61616;;1,1,1,1,0,0,0,0;1,0,1,1,0,0,0,0
61601;;1,1,1,1,0,0,0,0;1,0,1,0,0,0,0,1
61468;;1,1,1,1,0,0,0,0;0,0,0,1,1,1,0,0
61592;;1,1,1,1,0,0,0,0;1,0,0,1,1,0,0,0
61528;;1,1,1,1,0,0,0,0;0,1,0,1,1,0,0,0
61585;;1,1,1,1,0,0,0,0;1,0,0,1,0,0,0,1
61648;;1,1,1,1,0,0,0,0;1,1,0,1,0,0,0,0
61633;;1,1,1,1,0,0,0,0;1,1,0,0,0,0,0,1
61571;;1,1,1,1,0,0,0,0;1,0,0,0,0,0,1,1
59448;;1,1,1,0,1,0,0,0;0,0,1,1,1,0,0,0
57521;;1,1,1,0,0,0,0,0;1,0,1,1,0,0,0,1
57987;;1,1,1,0,0,0,1,0;1,0,0,0,0,0,1,1
65280;;1,1,1,1,1,1,1,1;0,0,0,0,0,0,0,0
65028;;1,1,1,1,1,1,1,0;0,0,0,0,0,1,0,0
65026;;1,1,1,1,1,1,1,0;0,0,0,0,0,0,1,0
65152;;1,1,1,1,1,1,1,0;1,0,0,0,0,0,0,0
65088;;1,1,1,1,1,1,1,0;0,1,0,0,0,0,0,0
65056;;1,1,1,1,1,1,1,0;0,0,1,0,0,0,0,0
65040;;1,1,1,1,1,1,1,0;0,0,0,1,0,0,0,0
65032;;1,1,1,1,1,1,1,0;0,0,0,0,1,0,0,0
64536;;1,1,1,1,1,1,0,0;0,0,0,1,1,0,0,0
64524;;1,1,1,1,1,1,0,0;0,0,0,0,1,1,0,0
64648;;1,1,1,1,1,1,0,0;1,0,0,0,1,0,0,0
64584;;1,1,1,1,1,1,0,0;0,1,0,0,1,0,0,0
64552;;1,1,1,1,1,1,0,0;0,0,1,0,1,0,0,0
64518;;1,1,1,1,1,1,0,0;0,0,0,0,0,1,1,0
64644;;1,1,1,1,1,1,0,0;1,0,0,0,0,1,0,0
64580;;1,1,1,1,1,1,0,0;0,1,0,0,0,1,0,0
64548;;1,1,1,1,1,1,0,0;0,0,1,0,0,1,0,0
64532;;1,1,1,1,1,1,0,0;0,0,0,1,0,1,0,0
64641;;1,1,1,1,1,1,0,0;1,0,0,0,0,0,0,1
64704;;1,1,1,1,1,1,0,0;1,1,0,0,0,0,0,0
64672;;1,1,1,1,1,1,0,0;1,0,1,0,0,0,0,0
64656;;1,1,1,1,1,1,0,0;1,0,0,1,0,0,0,0
64608;;1,1,1,1,1,1,0,0;0,1,1,0,0,0,0,0
64592;;1,1,1,1,1,1,0,0;0,1,0,1,0,0,0,0
64560;;1,1,1,1,1,1,0,0;0,0,1,1,0,0,0,0
63544;;1,1,1,1,1,0,0,0;0,0,1,1,1,0,0,0
63664;;1,1,1,1,1,0,0,0;1,0,1,1,0,0,0,0
63600;;1,1,1,1,1,0,0,0;0,1,1,1,0,0,0,0
63516;;1,1,1,1,1,0,0,0;0,0,0,1,1,1,0,0
63640;;1,1,1,1,1,0,0,0;1,0,0,1,1,0,0,0
63576;;1,1,1,1,1,0,0,0;0,1,0,1,1,0,0,0
63633;;1,1,1,1,1,0,0,0;1,0,0,1,0,0,0,1
63696;;1,1,1,1,1,0,0,0;1,1,0,1,0,0,0,0
63502;;1,1,1,1,1,0,0,0;0,0,0,0,1,1,1,0
63628;;1,1,1,1,1,0,0,0;1,0,0,0,1,1,0,0
63564;;1,1,1,1,1,0,0,0;0,1,0,0,1,1,0,0
63532;;1,1,1,1,1,0,0,0;0,0,1,0,1,1,0,0
63625;;1,1,1,1,1,0,0,0;1,0,0,0,1,0,0,1
63688;;1,1,1,1,1,0,0,0;1,1,0,0,1,0,0,0
63656;;1,1,1,1,1,0,0,0;1,0,1,0,1,0,0,0
63592;;1,1,1,1,1,0,0,0;0,1,1,0,1,0,0,0
63681;;1,1,1,1,1,0,0,0;1,1,0,0,0,0,0,1
63649;;1,1,1,1,1,0,0,0;1,0,1,0,0,0,0,1
63619;;1,1,1,1,1,0,0,0;1,0,0,0,0,0,1,1
63712;;1,1,1,1,1,0,0,0;1,1,1,0,0,0,0,0
61560;;1,1,1,1,0,0,0,0;0,1,1,1,1,0,0,0
61680;;1,1,1,1,0,0,0,0;1,1,1,1,0,0,0,0
61665;;1,1,1,1,0,0,0,0;1,1,1,0,0,0,0,1
61500;;1,1,1,1,0,0,0,0;0,0,1,1,1,1,0,0
61624;;1,1,1,1,0,0,0,0;1,0,1,1,1,0,0,0
61617;;1,1,1,1,0,0,0,0;1,0,1,1,0,0,0,1
61603;;1,1,1,1,0,0,0,0;1,0,1,0,0,0,1,1
62492;;1,1,1,1,0,1,0,0;0,0,0,1,1,1,0,0
61470;;1,1,1,1,0,0,0,0;0,0,0,1,1,1,1,0
61596;;1,1,1,1,0,0,0,0;1,0,0,1,1,1,0,0
61532;;1,1,1,1,0,0,0,0;0,1,0,1,1,1,0,0
61593;;1,1,1,1,0,0,0,0;1,0,0,1,1,0,0,1
61656;;1,1,1,1,0,0,0,0;1,1,0,1,1,0,0,0
61649;;1,1,1,1,0,0,0,0;1,1,0,1,0,0,0,1
61587;;1,1,1,1,0,0,0,0;1,0,0,1,0,0,1,1
61635;;1,1,1,1,0,0,0,0;1,1,0,0,0,0,1,1
62083;;1,1,1,1,0,0,1,0;1,0,0,0,0,0,1,1
61575;;1,1,1,1,0,0,0,0;1,0,0,0,0,1,1,1
60472;;1,1,1,0,1,1,0,0;0,0,1,1,1,0,0,0
59576;;1,1,1,0,1,0,0,0;1,0,1,1,1,0,0,0
59011;;1,1,1,0,0,1,1,0;1,0,0,0,0,0,1,1
58019;;1,1,1,0,0,0,1,0;1,0,1,0,0,0,1,1
65408;;1,1,1,1,1,1,1,1;1,0,0,0,0,0,0,0
65036;;1,1,1,1,1,1,1,0;0,0,0,0,1,1,0,0
65030;;1,1,1,1,1,1,1,0;0,0,0,0,0,1,1,0
65156;;1,1,1,1,1,1,1,0;1,0,0,0,0,1,0,0
65092;;1,1,1,1,1,1,1,0;0,1,0,0,0,1,0,0
65060;;1,1,1,1,1,1,1,0;0,0,1,0,0,1,0,0
65044;;1,1,1,1,1,1,1,0;0,0,0,1,0,1,0,0
65027;;1,1,1,1,1,1,1,0;0,0,0,0,0,0,1,1
65154;;1,1,1,1,1,1,1,0;1,0,0,0,0,0,1,0
65090;;1,1,1,1,1,1,1,0;0,1,0,0,0,0,1,0
65058;;1,1,1,1,1,1,1,0;0,0,1,0,0,0,1,0
65042;;1,1,1,1,1,1,1,0;0,0,0,1,0,0,1,0
65034;;1,1,1,1,1,1,1,0;0,0,0,0,1,0,1,0
65153;;1,1,1,1,1,1,1,0;1,0,0,0,0,0,0,1
65216;;1,1,1,1,1,1,1,0;1,1,0,0,0,0,0,0
65184;;1,1,1,1,1,1,1,0;1,0,1,0,0,0,0,0
65168;;1,1,1,1,1,1,1,0;1,0,0,1,0,0,0,0
65160;;1,1,1,1,1,1,1,0;1,0,0,0,1,0,0,0
65120;;1,1,1,1,1,1,1,0;0,1,1,0,0,0,0,0
65104;;1,1,1,1,1,1,1,0;0,1,0,1,0,0,0,0
65096;;1,1,1,1,1,1,1,0;0,1,0,0,1,0,0,0
65072;;1,1,1,1,1,1,1,0;0,0,1,1,0,0,0,0
65064;;1,1,1,1,1,1,1,0;0,0,1,0,1,0,0,0
65048;;1,1,1,1,1,1,1,0;0,0,0,1,1,0,0,0
64540;;1,1,1,1,1,1,0,0;0,0,0,1,1,1,0,0
64664;;1,1,1,1,1,1,0,0;1,0,0,1,1,0,0,0
64600;;1,1,1,1,1,1,0,0;0,1,0,1,1,0,0,0
64568;;1,1,1,1,1,1,0,0;0,0,1,1,1,0,0,0
64526;;1,1,1,1,1,1,0,0;0,0,0,0,1,1,1,0
64652;;1,1,1,1,1,1,0,0;1,0,0,0,1,1,0,0
64588;;1,1,1,1,1,1,0,0;0,1,0,0,1,1,0,0
64556;;1,1,1,1,1,1,0,0;0,0,1,0,1,1,0,0
64649;;1,1,1,1,1,1,0,0;1,0,0,0,1,0,0,1
64712;;1,1,1,1,1,1,0,0;1,1,0,0,1,0,0,0
64680;;1,1,1,1,1,1,0,0;1,0,1,0,1,0,0,0
64616;;1,1,1,1,1,1,0,0;0,1,1,0,1,0,0,0
64519;;1,1,1,1,1,1,0,0;0,0,0,0,0,1,1,1
64646;;1,1,1,1,1,1,0,0;1,0,0,0,0,1,1,0
64582;;1,1,1,1,1,1,0,0;0,1,0,0,0,1,1,0
64550;;1,1,1,1,1,1,0,0;0,0,1,0,0,1,1,0
64534;;1,1,1,1,1,1,0,0;0,0,0,1,0,1,1,0
64645;;1,1,1,1,1,1,0,0;1,0,0,0,0,1,0,1
64708;;1,1,1,1,1,1,0,0;1,1,0,0,0,1,0,0
64676;;1,1,1,1,1,1,0,0;1,0,1,0,0,1,0,0
64660;;1,1,1,1,1,1,0,0;1,0,0,1,0,1,0,0
64612;;1,1,1,1,1,1,0,0;0,1,1,0,0,1,0,0
64596;;1,1,1,1,1,1,0,0;0,1,0,1,0,1,0,0
64564;;1,1,1,1,1,1,0,0;0,0,1,1,0,1,0,0
64705;;1,1,1,1,1,1,0,0;1,1,0,0,0,0,0,1
64673;;1,1,1,1,1,1,0,0;1,0,1,0,0,0,0,1
64657;;1,1,1,1,1,1,0,0;1,0,0,1,0,0,0,1
64643;;1,1,1,1,1,1,0,0;1,0,0,0,0,0,1,1
64736;;1,1,1,1,1,1,0,0;1,1,1,0,0,0,0,0
64720;;1,1,1,1,1,1,0,0;1,1,0,1,0,0,0,0
64688;;1,1,1,1,1,1,0,0;1,0,1,1,0,0,0,0
64624;;1,1,1,1,1,1,0,0;0,1,1,1,0,0,0,0
63548;;1,1,1,1,1,0,0,0;0,0,1,1,1,1,0,0
63672;;1,1,1,1,1,0,0,0;1,0,1,1,1,0,0,0
63608;;1,1,1,1,1,0,0,0;0,1,1,1,1,0,0,0
63665;;1,1,1,1,1,0,0,0;1,0,1,1,0,0,0,1
63728;;1,1,1,1,1,0,0,0;1,1,1,1,0,0,0,0
63518;;1,1,1,1,1,0,0,0;0,0,0,1,1,1,1,0
63644;;1,1,1,1,1,0,0,0;1,0,0,1,1,1,0,0
63580;;1,1,1,1,1,0,0,0;0,1,0,1,1,1,0,0
63641;;1,1,1,1,1,0,0,0;1,0,0,1,1,0,0,1
63704;;1,1,1,1,1,0,0,0;1,1,0,1,1,0,0,0
63697;;1,1,1,1,1,0,0,0;1,1,0,1,0,0,0,1
63635;;1,1,1,1,1,0,0,0;1,0,0,1,0,0,1,1
64014;;1,1,1,1,1,0,1,0;0,0,0,0,1,1,1,0
63503;;1,1,1,1,1,0,0,0;0,0,0,0,1,1,1,1
63630;;1,1,1,1,1,0,0,0;1,0,0,0,1,1,1,0
63566;;1,1,1,1,1,0,0,0;0,1,0,0,1,1,1,0
63534;;1,1,1,1,1,0,0,0;0,0,1,0,1,1,1,0
63629;;1,1,1,1,1,0,0,0;1,0,0,0,1,1,0,1
63692;;1,1,1,1,1,0,0,0;1,1,0,0,1,1,0,0
63660;;1,1,1,1,1,0,0,0;1,0,1,0,1,1,0,0
63596;;1,1,1,1,1,0,0,0;0,1,1,0,1,1,0,0
63689;;1,1,1,1,1,0,0,0;1,1,0,0,1,0,0,1
63657;;1,1,1,1,1,0,0,0;1,0,1,0,1,0,0,1
63627;;1,1,1,1,1,0,0,0;1,0,0,0,1,0,1,1
63720;;1,1,1,1,1,0,0,0;1,1,1,0,1,0,0,0
63713;;1,1,1,1,1,0,0,0;1,1,1,0,0,0,0,1
63683;;1,1,1,1,1,0,0,0;1,1,0,0,0,0,1,1
63651;;1,1,1,1,1,0,0,0;1,0,1,0,0,0,1,1
64131;;1,1,1,1,1,0,1,0;1,0,0,0,0,0,1,1
63623;;1,1,1,1,1,0,0,0;1,0,0,0,0,1,1,1
62524;;1,1,1,1,0,1,0,0;0,0,1,1,1,1,0,0
61625;;1,1,1,1,0,0,0,0;1,0,1,1,1,0,0,1
61619;;1,1,1,1,0,0,0,0;1,0,1,1,0,0,1,1
62115;;1,1,1,1,0,0,1,0;1,0,1,0,0,0,1,1
62087;;1,1,1,1,0,0,1,0;1,0,0,0,0,1,1,1
63004;;1,1,1,1,0,1,1,0;0,0,0,1,1,1,0,0
62494;;1,1,1,1,0,1,0,0;0,0,0,1,1,1,1,0
62620;;1,1,1,1,0,1,0,0;1,0,0,1,1,1,0,0
62556;;1,1,1,1,0,1,0,0;0,1,0,1,1,1,0,0
61982;;1,1,1,1,0,0,1,0;0,0,0,1,1,1,1,0
61597;;1,1,1,1,0,0,0,0;1,0,0,1,1,1,0,1
61660;;1,1,1,1,0,0,0,0;1,1,0,1,1,1,0,0
61657;;1,1,1,1,0,0,0,0;1,1,0,1,1,0,0,1
61595;;1,1,1,1,0,0,0,0;1,0,0,1,1,0,1,1
62147;;1,1,1,1,0,0,1,0;1,1,0,0,0,0,1,1
62099;;1,1,1,1,0,0,1,0;1,0,0,1,0,0,1,1
62599;;1,1,1,1,0,1,0,0;1,0,0,0,0,1,1,1
63107;;1,1,1,1,0,1,1,0;1,0,0,0,0,0,1,1
61059;;1,1,1,0,1,1,1,0;1,0,0,0,0,0,1,1
60600;;1,1,1,0,1,1,0,0;1,0,1,1,1,0,0,0
59043;;1,1,1,0,0,1,1,0;1,0,1,0,0,0,1,1
65472;;1,1,1,1,1,1,1,1;1,1,0,0,0,0,0,0
65440;;1,1,1,1,1,1,1,1;1,0,1,0,0,0,0,0
65424;;1,1,1,1,1,1,1,1;1,0,0,1,0,0,0,0
65416;;1,1,1,1,1,1,1,1;1,0,0,0,1,0,0,0
65038;;1,1,1,1,1,1,1,0;0,0,0,0,1,1,1,0
65164;;1,1,1,1,1,1,1,0;1,0,0,0,1,1,0,0
65100;;1,1,1,1,1,1,1,0;0,1,0,0,1,1,0,0
65068;;1,1,1,1,1,1,1,0;0,0,1,0,1,1,0,0
65052;;1,1,1,1,1,1,1,0;0,0,0,1,1,1,0,0
65031;;1,1,1,1,1,1,1,0;0,0,0,0,0,1,1,1
65158;;1,1,1,1,1,1,1,0;1,0,0,0,0,1,1,0
65094;;1,1,1,1,1,1,1,0;0,1,0,0,0,1,1,0
65062;;1,1,1,1,1,1,1,0;0,0,1,0,0,1,1,0
65046;;1,1,1,1,1,1,1,0;0,0,0,1,0,1,1,0
65157;;1,1,1,1,1,1,1,0;1,0,0,0,0,1,0,1
65220;;1,1,1,1,1,1,1,0;1,1,0,0,0,1,0,0
65188;;1,1,1,1,1,1,1,0;1,0,1,0,0,1,0,0
65172;;1,1,1,1,1,1,1,0;1,0,0,1,0,1,0,0
65124;;1,1,1,1,1,1,1,0;0,1,1,0,0,1,0,0
65108;;1,1,1,1,1,1,1,0;0,1,0,1,0,1,0,0
65076;;1,1,1,1,1,1,1,0;0,0,1,1,0,1,0,0
65155;;1,1,1,1,1,1,1,0;1,0,0,0,0,0,1,1
65091;;1,1,1,1,1,1,1,0;0,1,0,0,0,0,1,1
65059;;1,1,1,1,1,1,1,0;0,0,1,0,0,0,1,1
65043;;1,1,1,1,1,1,1,0;0,0,0,1,0,0,1,1
65035;;1,1,1,1,1,1,1,0;0,0,0,0,1,0,1,1
65218;;1,1,1,1,1,1,1,0;1,1,0,0,0,0,1,0
65186;;1,1,1,1,1,1,1,0;1,0,1,0,0,0,1,0
65170;;1,1,1,1,1,1,1,0;1,0,0,1,0,0,1,0
65162;;1,1,1,1,1,1,1,0;1,0,0,0,1,0,1,0
65122;;1,1,1,1,1,1,1,0;0,1,1,0,0,0,1,0
65106;;1,1,1,1,1,1,1,0;0,1,0,1,0,0,1,0
65098;;1,1,1,1,1,1,1,0;0,1,0,0,1,0,1,0
65074;;1,1,1,1,1,1,1,0;0,0,1,1,0,0,1,0
65066;;1,1,1,1,1,1,1,0;0,0,1,0,1,0,1,0
65050;;1,1,1,1,1,1,1,0;0,0,0,1,1,0,1,0
65217;;1,1,1,1,1,1,1,0;1,1,0,0,0,0,0,1
65185;;1,1,1,1,1,1,1,0;1,0,1,0,0,0,0,1
65169;;1,1,1,1,1,1,1,0;1,0,0,1,0,0,0,1
65161;;1,1,1,1,1,1,1,0;1,0,0,0,1,0,0,1
65248;;1,1,1,1,1,1,1,0;1,1,1,0,0,0,0,0
65232;;1,1,1,1,1,1,1,0;1,1,0,1,0,0,0,0
65224;;1,1,1,1,1,1,1,0;1,1,0,0,1,0,0,0
65200;;1,1,1,1,1,1,1,0;1,0,1,1,0,0,0,0
65192;;1,1,1,1,1,1,1,0;1,0,1,0,1,0,0,0
65176;;1,1,1,1,1,1,1,0;1,0,0,1,1,0,0,0
65136;;1,1,1,1,1,1,1,0;0,1,1,1,0,0,0,0
65128;;1,1,1,1,1,1,1,0;0,1,1,0,1,0,0,0
65112;;1,1,1,1,1,1,1,0;0,1,0,1,1,0,0,0
65080;;1,1,1,1,1,1,1,0;0,0,1,1,1,0,0,0
64542;;1,1,1,1,1,1,0,0;0,0,0,1,1,1,1,0
64668;;1,1,1,1,1,1,0,0;1,0,0,1,1,1,0,0
64604;;1,1,1,1,1,1,0,0;0,1,0,1,1,1,0,0
64572;;1,1,1,1,1,1,0,0;0,0,1,1,1,1,0,0
64665;;1,1,1,1,1,1,0,0;1,0,0,1,1,0,0,1
64728;;1,1,1,1,1,1,0,0;1,1,0,1,1,0,0,0
64696;;1,1,1,1,1,1,0,0;1,0,1,1,1,0,0,0
64632;;1,1,1,1,1,1,0,0;0,1,1,1,1,0,0,0
64527;;1,1,1,1,1,1,0,0;0,0,0,0,1,1,1,1
64654;;1,1,1,1,1,1,0,0;1,0,0,0,1,1,1,0
64590;;1,1,1,1,1,1,0,0;0,1,0,0,1,1,1,0
64558;;1,1,1,1,1,1,0,0;0,0,1,0,1,1,1,0
64653;;1,1,1,1,1,1,0,0;1,0,0,0,1,1,0,1
64716;;1,1,1,1,1,1,0,0;1,1,0,0,1,1,0,0
64684;;1,1,1,1,1,1,0,0;1,0,1,0,1,1,0,0
64620;;1,1,1,1,1,1,0,0;0,1,1,0,1,1,0,0
64713;;1,1,1,1,1,1,0,0;1,1,0,0,1,0,0,1
64681;;1,1,1,1,1,1,0,0;1,0,1,0,1,0,0,1
64651;;1,1,1,1,1,1,0,0;1,0,0,0,1,0,1,1
64744;;1,1,1,1,1,1,0,0;1,1,1,0,1,0,0,0
64647;;1,1,1,1,1,1,0,0;1,0,0,0,0,1,1,1
64583;;1,1,1,1,1,1,0,0;0,1,0,0,0,1,1,1
64551;;1,1,1,1,1,1,0,0;0,0,1,0,0,1,1,1
64535;;1,1,1,1,1,1,0,0;0,0,0,1,0,1,1,1
64710;;1,1,1,1,1,1,0,0;1,1,0,0,0,1,1,0
64678;;1,1,1,1,1,1,0,0;1,0,1,0,0,1,1,0
64662;;1,1,1,1,1,1,0,0;1,0,0,1,0,1,1,0
64614;;1,1,1,1,1,1,0,0;0,1,1,0,0,1,1,0
64598;;1,1,1,1,1,1,0,0;0,1,0,1,0,1,1,0
64566;;1,1,1,1,1,1,0,0;0,0,1,1,0,1,1,0
64709;;1,1,1,1,1,1,0,0;1,1,0,0,0,1,0,1
64677;;1,1,1,1,1,1,0,0;1,0,1,0,0,1,0,1
64661;;1,1,1,1,1,1,0,0;1,0,0,1,0,1,0,1
64740;;1,1,1,1,1,1,0,0;1,1,1,0,0,1,0,0
64724;;1,1,1,1,1,1,0,0;1,1,0,1,0,1,0,0
64692;;1,1,1,1,1,1,0,0;1,0,1,1,0,1,0,0
64628;;1,1,1,1,1,1,0,0;0,1,1,1,0,1,0,0
64737;;1,1,1,1,1,1,0,0;1,1,1,0,0,0,0,1
64721;;1,1,1,1,1,1,0,0;1,1,0,1,0,0,0,1
64707;;1,1,1,1,1,1,0,0;1,1,0,0,0,0,1,1
64689;;1,1,1,1,1,1,0,0;1,0,1,1,0,0,0,1
64675;;1,1,1,1,1,1,0,0;1,0,1,0,0,0,1,1
64659;;1,1,1,1,1,1,0,0;1,0,0,1,0,0,1,1
64752;;1,1,1,1,1,1,0,0;1,1,1,1,0,0,0,0
63550;;1,1,1,1,1,0,0,0;0,0,1,1,1,1,1,0
63676;;1,1,1,1,1,0,0,0;1,0,1,1,1,1,0,0
63612;;1,1,1,1,1,0,0,0;0,1,1,1,1,1,0,0
63673;;1,1,1,1,1,0,0,0;1,0,1,1,1,0,0,1
63736;;1,1,1,1,1,0,0,0;1,1,1,1,1,0,0,0
63667;;1,1,1,1,1,0,0,0;1,0,1,1,0,0,1,1
63729;;1,1,1,1,1,0,0,0;1,1,1,1,0,0,0,1
64030;;1,1,1,1,1,0,1,0;0,0,0,1,1,1,1,0
63519;;1,1,1,1,1,0,0,0;0,0,0,1,1,1,1,1
63646;;1,1,1,1,1,0,0,0;1,0,0,1,1,1,1,0
63582;;1,1,1,1,1,0,0,0;0,1,0,1,1,1,1,0
63645;;1,1,1,1,1,0,0,0;1,0,0,1,1,1,0,1
63708;;1,1,1,1,1,0,0,0;1,1,0,1,1,1,0,0
63643;;1,1,1,1,1,0,0,0;1,0,0,1,1,0,1,1
63705;;1,1,1,1,1,0,0,0;1,1,0,1,1,0,0,1
63699;;1,1,1,1,1,0,0,0;1,1,0,1,0,0,1,1
64147;;1,1,1,1,1,0,1,0;1,0,0,1,0,0,1,1
63639;;1,1,1,1,1,0,0,0;1,0,0,1,0,1,1,1
64015;;1,1,1,1,1,0,1,0;0,0,0,0,1,1,1,1
64142;;1,1,1,1,1,0,1,0;1,0,0,0,1,1,1,0
64078;;1,1,1,1,1,0,1,0;0,1,0,0,1,1,1,0
64046;;1,1,1,1,1,0,1,0;0,0,1,0,1,1,1,0
63631;;1,1,1,1,1,0,0,0;1,0,0,0,1,1,1,1
63567;;1,1,1,1,1,0,0,0;0,1,0,0,1,1,1,1
63535;;1,1,1,1,1,0,0,0;0,0,1,0,1,1,1,1
63694;;1,1,1,1,1,0,0,0;1,1,0,0,1,1,1,0
63662;;1,1,1,1,1,0,0,0;1,0,1,0,1,1,1,0
63598;;1,1,1,1,1,0,0,0;0,1,1,0,1,1,1,0
63693;;1,1,1,1,1,0,0,0;1,1,0,0,1,1,0,1
63661;;1,1,1,1,1,0,0,0;1,0,1,0,1,1,0,1
63724;;1,1,1,1,1,0,0,0;1,1,1,0,1,1,0,0
63721;;1,1,1,1,1,0,0,0;1,1,1,0,1,0,0,1
63691;;1,1,1,1,1,0,0,0;1,1,0,0,1,0,1,1
63659;;1,1,1,1,1,0,0,0;1,0,1,0,1,0,1,1
64139;;1,1,1,1,1,0,1,0;1,0,0,0,1,0,1,1
63715;;1,1,1,1,1,0,0,0;1,1,1,0,0,0,1,1
64195;;1,1,1,1,1,0,1,0;1,1,0,0,0,0,1,1
63687;;1,1,1,1,1,0,0,0;1,1,0,0,0,1,1,1
64163;;1,1,1,1,1,0,1,0;1,0,1,0,0,0,1,1
63655;;1,1,1,1,1,0,0,0;1,0,1,0,0,1,1,1
64135;;1,1,1,1,1,0,1,0;1,0,0,0,0,1,1,1
63036;;1,1,1,1,0,1,1,0;0,0,1,1,1,1,0,0
62652;;1,1,1,1,0,1,0,0;1,0,1,1,1,1,0,0
61627;;1,1,1,1,0,0,0,0;1,0,1,1,1,0,1,1
62131;;1,1,1,1,0,0,1,0;1,0,1,1,0,0,1,1
63111;;1,1,1,1,0,1,1,0;1,0,0,0,0,1,1,1
63139;;1,1,1,1,0,1,1,0;1,0,1,0,0,0,1,1
62119;;1,1,1,1,0,0,1,0;1,0,1,0,0,1,1,1
62631;;1,1,1,1,0,1,0,0;1,0,1,0,0,1,1,1
63006;;1,1,1,1,0,1,1,0;0,0,0,1,1,1,1,0
63132;;1,1,1,1,0,1,1,0;1,0,0,1,1,1,0,0
63068;;1,1,1,1,0,1,1,0;0,1,0,1,1,1,0,0
62622;;1,1,1,1,0,1,0,0;1,0,0,1,1,1,1,0
62558;;1,1,1,1,0,1,0,0;0,1,0,1,1,1,1,0
62621;;1,1,1,1,0,1,0,0;1,0,0,1,1,1,0,1
62684;;1,1,1,1,0,1,0,0;1,1,0,1,1,1,0,0
62110;;1,1,1,1,0,0,1,0;1,0,0,1,1,1,1,0
61661;;1,1,1,1,0,0,0,0;1,1,0,1,1,1,0,1
63171;;1,1,1,1,0,1,1,0;1,1,0,0,0,0,1,1
62107;;1,1,1,1,0,0,1,0;1,0,0,1,1,0,1,1
62163;;1,1,1,1,0,0,1,0;1,1,0,1,0,0,1,1
63123;;1,1,1,1,0,1,1,0;1,0,0,1,0,0,1,1
62615;;1,1,1,1,0,1,0,0;1,0,0,1,0,1,1,1
61091;;1,1,1,0,1,1,1,0;1,0,1,0,0,0,1,1
61112;;1,1,1,0,1,1,1,0;1,0,1,1,1,0,0,0
60601;;1,1,1,0,1,1,0,0;1,0,1,1,1,0,0,1
59059;;1,1,1,0,0,1,1,0;1,0,1,1,0,0,1,1
65504;;1,1,1,1,1,1,1,1;1,1,1,0,0,0,0,0
65488;;1,1,1,1,1,1,1,1;1,1,0,1,0,0,0,0
65480;;1,1,1,1,1,1,1,1;1,1,0,0,1,0,0,0
65476;;1,1,1,1,1,1,1,1;1,1,0,0,0,1,0,0
65474;;1,1,1,1,1,1,1,1;1,1,0,0,0,0,1,0
65448;;1,1,1,1,1,1,1,1;1,0,1,0,1,0,0,0
65444;;1,1,1,1,1,1,1,1;1,0,1,0,0,1,0,0
65039;;1,1,1,1,1,1,1,0;0,0,0,0,1,1,1,1
65166;;1,1,1,1,1,1,1,0;1,0,0,0,1,1,1,0
65102;;1,1,1,1,1,1,1,0;0,1,0,0,1,1,1,0
65070;;1,1,1,1,1,1,1,0;0,0,1,0,1,1,1,0
65054;;1,1,1,1,1,1,1,0;0,0,0,1,1,1,1,0
65165;;1,1,1,1,1,1,1,0;1,0,0,0,1,1,0,1
65228;;1,1,1,1,1,1,1,0;1,1,0,0,1,1,0,0
65196;;1,1,1,1,1,1,1,0;1,0,1,0,1,1,0,0
65180;;1,1,1,1,1,1,1,0;1,0,0,1,1,1,0,0
65132;;1,1,1,1,1,1,1,0;0,1,1,0,1,1,0,0
65116;;1,1,1,1,1,1,1,0;0,1,0,1,1,1,0,0
65084;;1,1,1,1,1,1,1,0;0,0,1,1,1,1,0,0
65159;;1,1,1,1,1,1,1,0;1,0,0,0,0,1,1,1
65095;;1,1,1,1,1,1,1,0;0,1,0,0,0,1,1,1
65063;;1,1,1,1,1,1,1,0;0,0,1,0,0,1,1,1
65047;;1,1,1,1,1,1,1,0;0,0,0,1,0,1,1,1
65222;;1,1,1,1,1,1,1,0;1,1,0,0,0,1,1,0
65190;;1,1,1,1,1,1,1,0;1,0,1,0,0,1,1,0
65174;;1,1,1,1,1,1,1,0;1,0,0,1,0,1,1,0
65126;;1,1,1,1,1,1,1,0;0,1,1,0,0,1,1,0
65110;;1,1,1,1,1,1,1,0;0,1,0,1,0,1,1,0
65078;;1,1,1,1,1,1,1,0;0,0,1,1,0,1,1,0
65221;;1,1,1,1,1,1,1,0;1,1,0,0,0,1,0,1
65189;;1,1,1,1,1,1,1,0;1,0,1,0,0,1,0,1
65173;;1,1,1,1,1,1,1,0;1,0,0,1,0,1,0,1
65252;;1,1,1,1,1,1,1,0;1,1,1,0,0,1,0,0
65236;;1,1,1,1,1,1,1,0;1,1,0,1,0,1,0,0
65204;;1,1,1,1,1,1,1,0;1,0,1,1,0,1,0,0
65140;;1,1,1,1,1,1,1,0;0,1,1,1,0,1,0,0
65219;;1,1,1,1,1,1,1,0;1,1,0,0,0,0,1,1
65187;;1,1,1,1,1,1,1,0;1,0,1,0,0,0,1,1
65171;;1,1,1,1,1,1,1,0;1,0,0,1,0,0,1,1
65163;;1,1,1,1,1,1,1,0;1,0,0,0,1,0,1,1
65123;;1,1,1,1,1,1,1,0;0,1,1,0,0,0,1,1
65107;;1,1,1,1,1,1,1,0;0,1,0,1,0,0,1,1
65099;;1,1,1,1,1,1,1,0;0,1,0,0,1,0,1,1
65075;;1,1,1,1,1,1,1,0;0,0,1,1,0,0,1,1
65067;;1,1,1,1,1,1,1,0;0,0,1,0,1,0,1,1
65051;;1,1,1,1,1,1,1,0;0,0,0,1,1,0,1,1
65250;;1,1,1,1,1,1,1,0;1,1,1,0,0,0,1,0
65234;;1,1,1,1,1,1,1,0;1,1,0,1,0,0,1,0
65226;;1,1,1,1,1,1,1,0;1,1,0,0,1,0,1,0
65202;;1,1,1,1,1,1,1,0;1,0,1,1,0,0,1,0
65194;;1,1,1,1,1,1,1,0;1,0,1,0,1,0,1,0
65178;;1,1,1,1,1,1,1,0;1,0,0,1,1,0,1,0
65138;;1,1,1,1,1,1,1,0;0,1,1,1,0,0,1,0
65130;;1,1,1,1,1,1,1,0;0,1,1,0,1,0,1,0
65114;;1,1,1,1,1,1,1,0;0,1,0,1,1,0,1,0
65082;;1,1,1,1,1,1,1,0;0,0,1,1,1,0,1,0
65249;;1,1,1,1,1,1,1,0;1,1,1,0,0,0,0,1
65233;;1,1,1,1,1,1,1,0;1,1,0,1,0,0,0,1
65225;;1,1,1,1,1,1,1,0;1,1,0,0,1,0,0,1
65201;;1,1,1,1,1,1,1,0;1,0,1,1,0,0,0,1
65193;;1,1,1,1,1,1,1,0;1,0,1,0,1,0,0,1
65177;;1,1,1,1,1,1,1,0;1,0,0,1,1,0,0,1
65264;;1,1,1,1,1,1,1,0;1,1,1,1,0,0,0,0
65256;;1,1,1,1,1,1,1,0;1,1,1,0,1,0,0,0
65240;;1,1,1,1,1,1,1,0;1,1,0,1,1,0,0,0
65208;;1,1,1,1,1,1,1,0;1,0,1,1,1,0,0,0
65144;;1,1,1,1,1,1,1,0;0,1,1,1,1,0,0,0
64543;;1,1,1,1,1,1,0,0;0,0,0,1,1,1,1,1
64670;;1,1,1,1,1,1,0,0;1,0,0,1,1,1,1,0
64606;;1,1,1,1,1,1,0,0;0,1,0,1,1,1,1,0
64574;;1,1,1,1,1,1,0,0;0,0,1,1,1,1,1,0
64669;;1,1,1,1,1,1,0,0;1,0,0,1,1,1,0,1
64732;;1,1,1,1,1,1,0,0;1,1,0,1,1,1,0,0
64700;;1,1,1,1,1,1,0,0;1,0,1,1,1,1,0,0
64636;;1,1,1,1,1,1,0,0;0,1,1,1,1,1,0,0
64667;;1,1,1,1,1,1,0,0;1,0,0,1,1,0,1,1
64729;;1,1,1,1,1,1,0,0;1,1,0,1,1,0,0,1
64697;;1,1,1,1,1,1,0,0;1,0,1,1,1,0,0,1
64760;;1,1,1,1,1,1,0,0;1,1,1,1,1,0,0,0
64655;;1,1,1,1,1,1,0,0;1,0,0,0,1,1,1,1
64591;;1,1,1,1,1,1,0,0;0,1,0,0,1,1,1,1
64559;;1,1,1,1,1,1,0,0;0,0,1,0,1,1,1,1
64718;;1,1,1,1,1,1,0,0;1,1,0,0,1,1,1,0
64686;;1,1,1,1,1,1,0,0;1,0,1,0,1,1,1,0
64622;;1,1,1,1,1,1,0,0;0,1,1,0,1,1,1,0
64717;;1,1,1,1,1,1,0,0;1,1,0,0,1,1,0,1
64685;;1,1,1,1,1,1,0,0;1,0,1,0,1,1,0,1
64748;;1,1,1,1,1,1,0,0;1,1,1,0,1,1,0,0
64745;;1,1,1,1,1,1,0,0;1,1,1,0,1,0,0,1
64715;;1,1,1,1,1,1,0,0;1,1,0,0,1,0,1,1
64683;;1,1,1,1,1,1,0,0;1,0,1,0,1,0,1,1
64711;;1,1,1,1,1,1,0,0;1,1,0,0,0,1,1,1
64679;;1,1,1,1,1,1,0,0;1,0,1,0,0,1,1,1
64663;;1,1,1,1,1,1,0,0;1,0,0,1,0,1,1,1
64615;;1,1,1,1,1,1,0,0;0,1,1,0,0,1,1,1
64599;;1,1,1,1,1,1,0,0;0,1,0,1,0,1,1,1
64567;;1,1,1,1,1,1,0,0;0,0,1,1,0,1,1,1
64742;;1,1,1,1,1,1,0,0;1,1,1,0,0,1,1,0
64726;;1,1,1,1,1,1,0,0;1,1,0,1,0,1,1,0
64694;;1,1,1,1,1,1,0,0;1,0,1,1,0,1,1,0
64630;;1,1,1,1,1,1,0,0;0,1,1,1,0,1,1,0
64741;;1,1,1,1,1,1,0,0;1,1,1,0,0,1,0,1
64725;;1,1,1,1,1,1,0,0;1,1,0,1,0,1,0,1
64693;;1,1,1,1,1,1,0,0;1,0,1,1,0,1,0,1
64756;;1,1,1,1,1,1,0,0;1,1,1,1,0,1,0,0
64753;;1,1,1,1,1,1,0,0;1,1,1,1,0,0,0,1
64739;;1,1,1,1,1,1,0,0;1,1,1,0,0,0,1,1
64723;;1,1,1,1,1,1,0,0;1,1,0,1,0,0,1,1
64691;;1,1,1,1,1,1,0,0;1,0,1,1,0,0,1,1
64062;;1,1,1,1,1,0,1,0;0,0,1,1,1,1,1,0
63677;;1,1,1,1,1,0,0,0;1,0,1,1,1,1,0,1
63675;;1,1,1,1,1,0,0,0;1,0,1,1,1,0,1,1
64179;;1,1,1,1,1,0,1,0;1,0,1,1,0,0,1,1
63671;;1,1,1,1,1,0,0,0;1,0,1,1,0,1,1,1
64031;;1,1,1,1,1,0,1,0;0,0,0,1,1,1,1,1
64158;;1,1,1,1,1,0,1,0;1,0,0,1,1,1,1,0
64094;;1,1,1,1,1,0,1,0;0,1,0,1,1,1,1,0
63710;;1,1,1,1,1,0,0,0;1,1,0,1,1,1,1,0
63709;;1,1,1,1,1,0,0,0;1,1,0,1,1,1,0,1
64155;;1,1,1,1,1,0,1,0;1,0,0,1,1,0,1,1
63707;;1,1,1,1,1,0,0,0;1,1,0,1,1,0,1,1
64211;;1,1,1,1,1,0,1,0;1,1,0,1,0,0,1,1
64199;;1,1,1,1,1,0,1,0;1,1,0,0,0,1,1,1
64151;;1,1,1,1,1,0,1,0;1,0,0,1,0,1,1,1
64143;;1,1,1,1,1,0,1,0;1,0,0,0,1,1,1,1
64079;;1,1,1,1,1,0,1,0;0,1,0,0,1,1,1,1
64047;;1,1,1,1,1,0,1,0;0,0,1,0,1,1,1,1
64206;;1,1,1,1,1,0,1,0;1,1,0,0,1,1,1,0
64174;;1,1,1,1,1,0,1,0;1,0,1,0,1,1,1,0
64110;;1,1,1,1,1,0,1,0;0,1,1,0,1,1,1,0
63599;;1,1,1,1,1,0,0,0;0,1,1,0,1,1,1,1
63726;;1,1,1,1,1,0,0,0;1,1,1,0,1,1,1,0
63725;;1,1,1,1,1,0,0,0;1,1,1,0,1,1,0,1
64227;;1,1,1,1,1,0,1,0;1,1,1,0,0,0,1,1
64203;;1,1,1,1,1,0,1,0;1,1,0,0,1,0,1,1
64171;;1,1,1,1,1,0,1,0;1,0,1,0,1,0,1,1
64167;;1,1,1,1,1,0,1,0;1,0,1,0,0,1,1,1
63164;;1,1,1,1,0,1,1,0;1,0,1,1,1,1,0,0
62139;;1,1,1,1,0,0,1,0;1,0,1,1,1,0,1,1
63155;;1,1,1,1,0,1,1,0;1,0,1,1,0,0,1,1
63143;;1,1,1,1,0,1,1,0;1,0,1,0,0,1,1,1
63127;;1,1,1,1,0,1,1,0;1,0,0,1,0,1,1,1
63134;;1,1,1,1,0,1,1,0;1,0,0,1,1,1,1,0
63070;;1,1,1,1,0,1,1,0;0,1,0,1,1,1,1,0
63133;;1,1,1,1,0,1,1,0;1,0,0,1,1,1,0,1
63196;;1,1,1,1,0,1,1,0;1,1,0,1,1,1,0,0
62685;;1,1,1,1,0,1,0,0;1,1,0,1,1,1,0,1
63187;;1,1,1,1,0,1,1,0;1,1,0,1,0,0,1,1
63131;;1,1,1,1,0,1,1,0;1,0,0,1,1,0,1,1
61107;;1,1,1,0,1,1,1,0;1,0,1,1,0,0,1,1
61114;;1,1,1,0,1,1,1,0;1,0,1,1,1,0,1,0
61113;;1,1,1,0,1,1,1,0;1,0,1,1,1,0,0,1
65520;;1,1,1,1,1,1,1,1;1,1,1,1,0,0,0,0
65512;;1,1,1,1,1,1,1,1;1,1,1,0,1,0,0,0
65508;;1,1,1,1,1,1,1,1;1,1,1,0,0,1,0,0
65506;;1,1,1,1,1,1,1,1;1,1,1,0,0,0,1,0
65496;;1,1,1,1,1,1,1,1;1,1,0,1,1,0,0,0
65492;;1,1,1,1,1,1,1,1;1,1,0,1,0,1,0,0
65490;;1,1,1,1,1,1,1,1;1,1,0,1,0,0,1,0
65484;;1,1,1,1,1,1,1,1;1,1,0,0,1,1,0,0
65482;;1,1,1,1,1,1,1,1;1,1,0,0,1,0,1,0
65450;;1,1,1,1,1,1,1,1;1,0,1,0,1,0,1,0
65167;;1,1,1,1,1,1,1,0;1,0,0,0,1,1,1,1
65103;;1,1,1,1,1,1,1,0;0,1,0,0,1,1,1,1
65071;;1,1,1,1,1,1,1,0;0,0,1,0,1,1,1,1
65055;;1,1,1,1,1,1,1,0;0,0,0,1,1,1,1,1
65230;;1,1,1,1,1,1,1,0;1,1,0,0,1,1,1,0
65198;;1,1,1,1,1,1,1,0;1,0,1,0,1,1,1,0
65182;;1,1,1,1,1,1,1,0;1,0,0,1,1,1,1,0
65134;;1,1,1,1,1,1,1,0;0,1,1,0,1,1,1,0
65118;;1,1,1,1,1,1,1,0;0,1,0,1,1,1,1,0
65086;;1,1,1,1,1,1,1,0;0,0,1,1,1,1,1,0
65229;;1,1,1,1,1,1,1,0;1,1,0,0,1,1,0,1
65197;;1,1,1,1,1,1,1,0;1,0,1,0,1,1,0,1
65181;;1,1,1,1,1,1,1,0;1,0,0,1,1,1,0,1
65260;;1,1,1,1,1,1,1,0;1,1,1,0,1,1,0,0
65244;;1,1,1,1,1,1,1,0;1,1,0,1,1,1,0,0
65212;;1,1,1,1,1,1,1,0;1,0,1,1,1,1,0,0
65148;;1,1,1,1,1,1,1,0;0,1,1,1,1,1,0,0
65223;;1,1,1,1,1,1,1,0;1,1,0,0,0,1,1,1
65191;;1,1,1,1,1,1,1,0;1,0,1,0,0,1,1,1
65175;;1,1,1,1,1,1,1,0;1,0,0,1,0,1,1,1
65127;;1,1,1,1,1,1,1,0;0,1,1,0,0,1,1,1
65111;;1,1,1,1,1,1,1,0;0,1,0,1,0,1,1,1
65079;;1,1,1,1,1,1,1,0;0,0,1,1,0,1,1,1
65254;;1,1,1,1,1,1,1,0;1,1,1,0,0,1,1,0
65238;;1,1,1,1,1,1,1,0;1,1,0,1,0,1,1,0
65206;;1,1,1,1,1,1,1,0;1,0,1,1,0,1,1,0
65142;;1,1,1,1,1,1,1,0;0,1,1,1,0,1,1,0
65253;;1,1,1,1,1,1,1,0;1,1,1,0,0,1,0,1
65237;;1,1,1,1,1,1,1,0;1,1,0,1,0,1,0,1
65205;;1,1,1,1,1,1,1,0;1,0,1,1,0,1,0,1
65268;;1,1,1,1,1,1,1,0;1,1,1,1,0,1,0,0
65251;;1,1,1,1,1,1,1,0;1,1,1,0,0,0,1,1
65235;;1,1,1,1,1,1,1,0;1,1,0,1,0,0,1,1
65227;;1,1,1,1,1,1,1,0;1,1,0,0,1,0,1,1
65203;;1,1,1,1,1,1,1,0;1,0,1,1,0,0,1,1
65195;;1,1,1,1,1,1,1,0;1,0,1,0,1,0,1,1
65179;;1,1,1,1,1,1,1,0;1,0,0,1,1,0,1,1
65139;;1,1,1,1,1,1,1,0;0,1,1,1,0,0,1,1
65131;;1,1,1,1,1,1,1,0;0,1,1,0,1,0,1,1
65115;;1,1,1,1,1,1,1,0;0,1,0,1,1,0,1,1
65083;;1,1,1,1,1,1,1,0;0,0,1,1,1,0,1,1
65266;;1,1,1,1,1,1,1,0;1,1,1,1,0,0,1,0
65258;;1,1,1,1,1,1,1,0;1,1,1,0,1,0,1,0
65242;;1,1,1,1,1,1,1,0;1,1,0,1,1,0,1,0
65210;;1,1,1,1,1,1,1,0;1,0,1,1,1,0,1,0
65146;;1,1,1,1,1,1,1,0;0,1,1,1,1,0,1,0
65265;;1,1,1,1,1,1,1,0;1,1,1,1,0,0,0,1
65257;;1,1,1,1,1,1,1,0;1,1,1,0,1,0,0,1
65241;;1,1,1,1,1,1,1,0;1,1,0,1,1,0,0,1
65209;;1,1,1,1,1,1,1,0;1,0,1,1,1,0,0,1
65272;;1,1,1,1,1,1,1,0;1,1,1,1,1,0,0,0
64671;;1,1,1,1,1,1,0,0;1,0,0,1,1,1,1,1
64607;;1,1,1,1,1,1,0,0;0,1,0,1,1,1,1,1
64575;;1,1,1,1,1,1,0,0;0,0,1,1,1,1,1,1
64734;;1,1,1,1,1,1,0,0;1,1,0,1,1,1,1,0
64702;;1,1,1,1,1,1,0,0;1,0,1,1,1,1,1,0
64638;;1,1,1,1,1,1,0,0;0,1,1,1,1,1,1,0
64733;;1,1,1,1,1,1,0,0;1,1,0,1,1,1,0,1
64701;;1,1,1,1,1,1,0,0;1,0,1,1,1,1,0,1
64764;;1,1,1,1,1,1,0,0;1,1,1,1,1,1,0,0
64731;;1,1,1,1,1,1,0,0;1,1,0,1,1,0,1,1
64699;;1,1,1,1,1,1,0,0;1,0,1,1,1,0,1,1
64761;;1,1,1,1,1,1,0,0;1,1,1,1,1,0,0,1
64719;;1,1,1,1,1,1,0,0;1,1,0,0,1,1,1,1
64687;;1,1,1,1,1,1,0,0;1,0,1,0,1,1,1,1
64623;;1,1,1,1,1,1,0,0;0,1,1,0,1,1,1,1
64750;;1,1,1,1,1,1,0,0;1,1,1,0,1,1,1,0
64749;;1,1,1,1,1,1,0,0;1,1,1,0,1,1,0,1
64747;;1,1,1,1,1,1,0,0;1,1,1,0,1,0,1,1
64743;;1,1,1,1,1,1,0,0;1,1,1,0,0,1,1,1
64727;;1,1,1,1,1,1,0,0;1,1,0,1,0,1,1,1
64695;;1,1,1,1,1,1,0,0;1,0,1,1,0,1,1,1
64631;;1,1,1,1,1,1,0,0;0,1,1,1,0,1,1,1
64758;;1,1,1,1,1,1,0,0;1,1,1,1,0,1,1,0
64757;;1,1,1,1,1,1,0,0;1,1,1,1,0,1,0,1
64755;;1,1,1,1,1,1,0,0;1,1,1,1,0,0,1,1
64190;;1,1,1,1,1,0,1,0;1,0,1,1,1,1,1,0
64187;;1,1,1,1,1,0,1,0;1,0,1,1,1,0,1,1
64183;;1,1,1,1,1,0,1,0;1,0,1,1,0,1,1,1
64095;;1,1,1,1,1,0,1,0;0,1,0,1,1,1,1,1
64222;;1,1,1,1,1,0,1,0;1,1,0,1,1,1,1,0
64219;;1,1,1,1,1,0,1,0;1,1,0,1,1,0,1,1
64215;;1,1,1,1,1,0,1,0;1,1,0,1,0,1,1,1
64175;;1,1,1,1,1,0,1,0;1,0,1,0,1,1,1,1
64111;;1,1,1,1,1,0,1,0;0,1,1,0,1,1,1,1
64238;;1,1,1,1,1,0,1,0;1,1,1,0,1,1,1,0
64235;;1,1,1,1,1,0,1,0;1,1,1,0,1,0,1,1
63165;;1,1,1,1,0,1,1,0;1,0,1,1,1,1,0,1
63163;;1,1,1,1,0,1,1,0;1,0,1,1,1,0,1,1
63159;;1,1,1,1,0,1,1,0;1,0,1,1,0,1,1,1
63198;;1,1,1,1,0,1,1,0;1,1,0,1,1,1,1,0
63197;;1,1,1,1,0,1,1,0;1,1,0,1,1,1,0,1
63195;;1,1,1,1,0,1,1,0;1,1,0,1,1,0,1,1
61115;;1,1,1,0,1,1,1,0;1,0,1,1,1,0,1,1
65528;;1,1,1,1,1,1,1,1;1,1,1,1,1,0,0,0
65524;;1,1,1,1,1,1,1,1;1,1,1,1,0,1,0,0
65522;;1,1,1,1,1,1,1,1;1,1,1,1,0,0,1,0
65516;;1,1,1,1,1,1,1,1;1,1,1,0,1,1,0,0
65514;;1,1,1,1,1,1,1,1;1,1,1,0,1,0,1,0
65510;;1,1,1,1,1,1,1,1;1,1,1,0,0,1,1,0
65498;;1,1,1,1,1,1,1,1;1,1,0,1,1,0,1,0
65231;;1,1,1,1,1,1,1,0;1,1,0,0,1,1,1,1
65199;;1,1,1,1,1,1,1,0;1,0,1,0,1,1,1,1
65183;;1,1,1,1,1,1,1,0;1,0,0,1,1,1,1,1
65135;;1,1,1,1,1,1,1,0;0,1,1,0,1,1,1,1
65119;;1,1,1,1,1,1,1,0;0,1,0,1,1,1,1,1
65087;;1,1,1,1,1,1,1,0;0,0,1,1,1,1,1,1
65262;;1,1,1,1,1,1,1,0;1,1,1,0,1,1,1,0
65246;;1,1,1,1,1,1,1,0;1,1,0,1,1,1,1,0
65214;;1,1,1,1,1,1,1,0;1,0,1,1,1,1,1,0
65150;;1,1,1,1,1,1,1,0;0,1,1,1,1,1,1,0
65261;;1,1,1,1,1,1,1,0;1,1,1,0,1,1,0,1
65245;;1,1,1,1,1,1,1,0;1,1,0,1,1,1,0,1
65213;;1,1,1,1,1,1,1,0;1,0,1,1,1,1,0,1
65276;;1,1,1,1,1,1,1,0;1,1,1,1,1,1,0,0
65255;;1,1,1,1,1,1,1,0;1,1,1,0,0,1,1,1
65239;;1,1,1,1,1,1,1,0;1,1,0,1,0,1,1,1
65207;;1,1,1,1,1,1,1,0;1,0,1,1,0,1,1,1
65143;;1,1,1,1,1,1,1,0;0,1,1,1,0,1,1,1
65270;;1,1,1,1,1,1,1,0;1,1,1,1,0,1,1,0
65269;;1,1,1,1,1,1,1,0;1,1,1,1,0,1,0,1
65267;;1,1,1,1,1,1,1,0;1,1,1,1,0,0,1,1
65259;;1,1,1,1,1,1,1,0;1,1,1,0,1,0,1,1
65243;;1,1,1,1,1,1,1,0;1,1,0,1,1,0,1,1
65211;;1,1,1,1,1,1,1,0;1,0,1,1,1,0,1,1
65147;;1,1,1,1,1,1,1,0;0,1,1,1,1,0,1,1
65274;;1,1,1,1,1,1,1,0;1,1,1,1,1,0,1,0
65273;;1,1,1,1,1,1,1,0;1,1,1,1,1,0,0,1
65532;;1,1,1,1,1,1,1,1;1,1,1,1,1,1,0,0
65530;;1,1,1,1,1,1,1,1;1,1,1,1,1,0,1,0
65526;;1,1,1,1,1,1,1,1;1,1,1,1,0,1,1,0
65518;;1,1,1,1,1,1,1,1;1,1,1,0,1,1,1,0
65263;;1,1,1,1,1,1,1,0;1,1,1,0,1,1,1,1
65247;;1,1,1,1,1,1,1,0;1,1,0,1,1,1,1,1
65215;;1,1,1,1,1,1,1,0;1,0,1,1,1,1,1,1
65151;;1,1,1,1,1,1,1,0;0,1,1,1,1,1,1,1
65278;;1,1,1,1,1,1,1,0;1,1,1,1,1,1,1,0
65277;;1,1,1,1,1,1,1,0;1,1,1,1,1,1,0,1
65271;;1,1,1,1,1,1,1,0;1,1,1,1,0,1,1,1
65275;;1,1,1,1,1,1,1,0;1,1,1,1,1,0,1,1
65534;;1,1,1,1,1,1,1,1;1,1,1,1,1,1,1,0
65535;;1,1,1,1,1,1,1,1;1,1,1,1,1,1,1,1
