8192;;1,0,0,0,0,0,0;0,0,0,0,0,0,0
12288;;1,1,0,0,0,0,0;0,0,0,0,0,0,0
8256;;1,0,0,0,0,0,0;1,0,0,0,0,0,0
14336;;1,1,1,0,0,0,0;0,0,0,0,0,0,0
12352;;1,1,0,0,0,0,0;1,0,0,0,0,0,0
12320;;1,1,0,0,0,0,0;0,1,0,0,0,0,0
15360;;1,1,1,1,0,0,0;0,0,0,0,0,0,0
14368;;1,1,1,0,0,0,0;0,1,0,0,0,0,0
14352;;1,1,1,0,0,0,0;0,0,1,0,0,0,0
14400;;1,1,1,0,0,0,0;1,0,0,0,0,0,0
12353;;1,1,0,0,0,0,0;1,0,0,0,0,0,1
12384;;1,1,0,0,0,0,0;1,1,0,0,0,0,0
12336;;1,1,0,0,0,0,0;0,1,1,0,0,0,0
15872;;1,1,1,1,1,0,0;0,0,0,0,0,0,0
15376;;1,1,1,1,0,0,0;0,0,1,0,0,0,0
15368;;1,1,1,1,0,0,0;0,0,0,1,0,0,0
15424;;1,1,1,1,0,0,0;1,0,0,0,0,0,0
15392;;1,1,1,1,0,0,0;0,1,0,0,0,0,0
14432;;1,1,1,0,0,0,0;1,1,0,0,0,0,0
14384;;1,1,1,0,0,0,0;0,1,1,0,0,0,0
14360;;1,1,1,0,0,0,0;0,0,1,1,0,0,0
14416;;1,1,1,0,0,0,0;1,0,1,0,0,0,0
14401;;1,1,1,0,0,0,0;1,0,0,0,0,0,1
16128;;1,1,1,1,1,1,0;0,0,0,0,0,0,0
15880;;1,1,1,1,1,0,0;0,0,0,1,0,0,0
15876;;1,1,1,1,1,0,0;0,0,0,0,1,0,0
15936;;1,1,1,1,1,0,0;1,0,0,0,0,0,0
15904;;1,1,1,1,1,0,0;0,1,0,0,0,0,0
15888;;1,1,1,1,1,0,0;0,0,1,0,0,0,0
15408;;1,1,1,1,0,0,0;0,1,1,0,0,0,0
15384;;1,1,1,1,0,0,0;0,0,1,1,0,0,0
15440;;1,1,1,1,0,0,0;1,0,1,0,0,0,0
15372;;1,1,1,1,0,0,0;0,0,0,1,1,0,0
15432;;1,1,1,1,0,0,0;1,0,0,1,0,0,0
15400;;1,1,1,1,0,0,0;0,1,0,1,0,0,0
15425;;1,1,1,1,0,0,0;1,0,0,0,0,0,1
15456;;1,1,1,1,0,0,0;1,1,0,0,0,0,0
14448;;1,1,1,0,0,0,0;1,1,1,0,0,0,0
14433;;1,1,1,0,0,0,0;1,1,0,0,0,0,1
14392;;1,1,1,0,0,0,0;0,1,1,1,0,0,0
14364;;1,1,1,0,0,0,0;0,0,1,1,1,0,0
14424;;1,1,1,0,0,0,0;1,0,1,1,0,0,0
14417;;1,1,1,0,0,0,0;1,0,1,0,0,0,1
14403;;1,1,1,0,0,0,0;1,0,0,0,0,1,1
16256;;1,1,1,1,1,1,1;0,0,0,0,0,0,0
16132;;1,1,1,1,1,1,0;0,0,0,0,1,0,0
16130;;1,1,1,1,1,1,0;0,0,0,0,0,1,0
16192;;1,1,1,1,1,1,0;1,0,0,0,0,0,0
16160;;1,1,1,1,1,1,0;0,1,0,0,0,0,0
16144;;1,1,1,1,1,1,0;0,0,1,0,0,0,0
16136;;1,1,1,1,1,1,0;0,0,0,1,0,0,0
15896;;1,1,1,1,1,0,0;0,0,1,1,0,0,0
15884;;1,1,1,1,1,0,0;0,0,0,1,1,0,0
15944;;1,1,1,1,1,0,0;1,0,0,1,0,0,0
15912;;1,1,1,1,1,0,0;0,1,0,1,0,0,0
15878;;1,1,1,1,1,0,0;0,0,0,0,1,1,0
15940;;1,1,1,1,1,0,0;1,0,0,0,1,0,0
15908;;1,1,1,1,1,0,0;0,1,0,0,1,0,0
15892;;1,1,1,1,1,0,0;0,0,1,0,1,0,0
15937;;1,1,1,1,1,0,0;1,0,0,0,0,0,1
15968;;1,1,1,1,1,0,0;1,1,0,0,0,0,0
15952;;1,1,1,1,1,0,0;1,0,1,0,0,0,0
15920;;1,1,1,1,1,0,0;0,1,1,0,0,0,0
15416;;1,1,1,1,0,0,0;0,1,1,1,0,0,0
15472;;1,1,1,1,0,0,0;1,1,1,0,0,0,0
15388;;1,1,1,1,0,0,0;0,0,1,1,1,0,0
15448;;1,1,1,1,0,0,0;1,0,1,1,0,0,0
15441;;1,1,1,1,0,0,0;1,0,1,0,0,0,1
15374;;1,1,1,1,0,0,0;0,0,0,1,1,1,0
15436;;1,1,1,1,0,0,0;1,0,0,1,1,0,0
15404;;1,1,1,1,0,0,0;0,1,0,1,1,0,0
15433;;1,1,1,1,0,0,0;1,0,0,1,0,0,1
15464;;1,1,1,1,0,0,0;1,1,0,1,0,0,0
15457;;1,1,1,1,0,0,0;1,1,0,0,0,0,1
15427;;1,1,1,1,0,0,0;1,0,0,0,0,1,1
14876;;1,1,1,0,1,0,0;0,0,1,1,1,0,0
14425;;1,1,1,0,0,0,0;1,0,1,1,0,0,1
14659;;1,1,1,0,0,1,0;1,0,0,0,0,1,1
16320;;1,1,1,1,1,1,1;1,0,0,0,0,0,0
16140;;1,1,1,1,1,1,0;0,0,0,1,1,0,0
16134;;1,1,1,1,1,1,0;0,0,0,0,1,1,0
16196;;1,1,1,1,1,1,0;1,0,0,0,1,0,0
16164;;1,1,1,1,1,1,0;0,1,0,0,1,0,0
16148;;1,1,1,1,1,1,0;0,0,1,0,1,0,0
16131;;1,1,1,1,1,1,0;0,0,0,0,0,1,1
16194;;1,1,1,1,1,1,0;1,0,0,0,0,1,0
16162;;1,1,1,1,1,1,0;0,1,0,0,0,1,0
16146;;1,1,1,1,1,1,0;0,0,1,0,0,1,0
16138;;1,1,1,1,1,1,0;0,0,0,1,0,1,0
16193;;1,1,1,1,1,1,0;1,0,0,0,0,0,1
16224;;1,1,1,1,1,1,0;1,1,0,0,0,0,0
16208;;1,1,1,1,1,1,0;1,0,1,0,0,0,0
16200;;1,1,1,1,1,1,0;1,0,0,1,0,0,0
16176;;1,1,1,1,1,1,0;0,1,1,0,0,0,0
16168;;1,1,1,1,1,1,0;0,1,0,1,0,0,0
16152;;1,1,1,1,1,1,0;0,0,1,1,0,0,0
15900;;1,1,1,1,1,0,0;0,0,1,1,1,0,0
15960;;1,1,1,1,1,0,0;1,0,1,1,0,0,0
15928;;1,1,1,1,1,0,0;0,1,1,1,0,0,0
15886;;1,1,1,1,1,0,0;0,0,0,1,1,1,0
15948;;1,1,1,1,1,0,0;1,0,0,1,1,0,0
15916;;1,1,1,1,1,0,0;0,1,0,1,1,0,0
15945;;1,1,1,1,1,0,0;1,0,0,1,0,0,1
15976;;1,1,1,1,1,0,0;1,1,0,1,0,0,0
15879;;1,1,1,1,1,0,0;0,0,0,0,1,1,1
15942;;1,1,1,1,1,0,0;1,0,0,0,1,1,0
15910;;1,1,1,1,1,0,0;0,1,0,0,1,1,0
15894;;1,1,1,1,1,0,0;0,0,1,0,1,1,0
15941;;1,1,1,1,1,0,0;1,0,0,0,1,0,1
15972;;1,1,1,1,1,0,0;1,1,0,0,1,0,0
15956;;1,1,1,1,1,0,0;1,0,1,0,1,0,0
15924;;1,1,1,1,1,0,0;0,1,1,0,1,0,0
15969;;1,1,1,1,1,0,0;1,1,0,0,0,0,1
15953;;1,1,1,1,1,0,0;1,0,1,0,0,0,1
15939;;1,1,1,1,1,0,0;1,0,0,0,0,1,1
15984;;1,1,1,1,1,0,0;1,1,1,0,0,0,0
15420;;1,1,1,1,0,0,0;0,1,1,1,1,0,0
15480;;1,1,1,1,0,0,0;1,1,1,1,0,0,0
15473;;1,1,1,1,0,0,0;1,1,1,0,0,0,1
15390;;1,1,1,1,0,0,0;0,0,1,1,1,1,0
15452;;1,1,1,1,0,0,0;1,0,1,1,1,0,0
15449;;1,1,1,1,0,0,0;1,0,1,1,0,0,1
15443;;1,1,1,1,0,0,0;1,0,1,0,0,1,1
15630;;1,1,1,1,0,1,0;0,0,0,1,1,1,0
15375;;1,1,1,1,0,0,0;0,0,0,1,1,1,1
15438;;1,1,1,1,0,0,0;1,0,0,1,1,1,0
15406;;1,1,1,1,0,0,0;0,1,0,1,1,1,0
15437;;1,1,1,1,0,0,0;1,0,0,1,1,0,1
15468;;1,1,1,1,0,0,0;1,1,0,1,1,0,0
15465;;1,1,1,1,0,0,0;1,1,0,1,0,0,1
15435;;1,1,1,1,0,0,0;1,0,0,1,0,1,1
15459;;1,1,1,1,0,0,0;1,1,0,0,0,1,1
15683;;1,1,1,1,0,1,0;1,0,0,0,0,1,1
15431;;1,1,1,1,0,0,0;1,0,0,0,1,1,1
15132;;1,1,1,0,1,1,0;0,0,1,1,1,0,0
14940;;1,1,1,0,1,0,0;1,0,1,1,1,0,0
15171;;1,1,1,0,1,1,0;1,0,0,0,0,1,1
14675;;1,1,1,0,0,1,0;1,0,1,0,0,1,1
16352;;1,1,1,1,1,1,1;1,1,0,0,0,0,0
16336;;1,1,1,1,1,1,1;1,0,1,0,0,0,0
16328;;1,1,1,1,1,1,1;1,0,0,1,0,0,0
16142;;1,1,1,1,1,1,0;0,0,0,1,1,1,0
16204;;1,1,1,1,1,1,0;1,0,0,1,1,0,0
16172;;1,1,1,1,1,1,0;0,1,0,1,1,0,0
16156;;1,1,1,1,1,1,0;0,0,1,1,1,0,0
16135;;1,1,1,1,1,1,0;0,0,0,0,1,1,1
16198;;1,1,1,1,1,1,0;1,0,0,0,1,1,0
16166;;1,1,1,1,1,1,0;0,1,0,0,1,1,0
16150;;1,1,1,1,1,1,0;0,0,1,0,1,1,0
16197;;1,1,1,1,1,1,0;1,0,0,0,1,0,1
16228;;1,1,1,1,1,1,0;1,1,0,0,1,0,0
16212;;1,1,1,1,1,1,0;1,0,1,0,1,0,0
16180;;1,1,1,1,1,1,0;0,1,1,0,1,0,0
16195;;1,1,1,1,1,1,0;1,0,0,0,0,1,1
16163;;1,1,1,1,1,1,0;0,1,0,0,0,1,1
16147;;1,1,1,1,1,1,0;0,0,1,0,0,1,1
16139;;1,1,1,1,1,1,0;0,0,0,1,0,1,1
16226;;1,1,1,1,1,1,0;1,1,0,0,0,1,0
16210;;1,1,1,1,1,1,0;1,0,1,0,0,1,0
16202;;1,1,1,1,1,1,0;1,0,0,1,0,1,0
16178;;1,1,1,1,1,1,0;0,1,1,0,0,1,0
16170;;1,1,1,1,1,1,0;0,1,0,1,0,1,0
16154;;1,1,1,1,1,1,0;0,0,1,1,0,1,0
16225;;1,1,1,1,1,1,0;1,1,0,0,0,0,1
16209;;1,1,1,1,1,1,0;1,0,1,0,0,0,1
16201;;1,1,1,1,1,1,0;1,0,0,1,0,0,1
16240;;1,1,1,1,1,1,0;1,1,1,0,0,0,0
16232;;1,1,1,1,1,1,0;1,1,0,1,0,0,0
16216;;1,1,1,1,1,1,0;1,0,1,1,0,0,0
16184;;1,1,1,1,1,1,0;0,1,1,1,0,0,0
15902;;1,1,1,1,1,0,0;0,0,1,1,1,1,0
15964;;1,1,1,1,1,0,0;1,0,1,1,1,0,0
15932;;1,1,1,1,1,0,0;0,1,1,1,1,0,0
15961;;1,1,1,1,1,0,0;1,0,1,1,0,0,1
15992;;1,1,1,1,1,0,0;1,1,1,1,0,0,0
15887;;1,1,1,1,1,0,0;0,0,0,1,1,1,1
15950;;1,1,1,1,1,0,0;1,0,0,1,1,1,0
15918;;1,1,1,1,1,0,0;0,1,0,1,1,1,0
15949;;1,1,1,1,1,0,0;1,0,0,1,1,0,1
15980;;1,1,1,1,1,0,0;1,1,0,1,1,0,0
15977;;1,1,1,1,1,0,0;1,1,0,1,0,0,1
15947;;1,1,1,1,1,0,0;1,0,0,1,0,1,1
15943;;1,1,1,1,1,0,0;1,0,0,0,1,1,1
15911;;1,1,1,1,1,0,0;0,1,0,0,1,1,1
15895;;1,1,1,1,1,0,0;0,0,1,0,1,1,1
15974;;1,1,1,1,1,0,0;1,1,0,0,1,1,0
15958;;1,1,1,1,1,0,0;1,0,1,0,1,1,0
15926;;1,1,1,1,1,0,0;0,1,1,0,1,1,0
15973;;1,1,1,1,1,0,0;1,1,0,0,1,0,1
15957;;1,1,1,1,1,0,0;1,0,1,0,1,0,1
15988;;1,1,1,1,1,0,0;1,1,1,0,1,0,0
15985;;1,1,1,1,1,0,0;1,1,1,0,0,0,1
15971;;1,1,1,1,1,0,0;1,1,0,0,0,1,1
15955;;1,1,1,1,1,0,0;1,0,1,0,0,1,1
15646;;1,1,1,1,0,1,0;0,0,1,1,1,1,0
15453;;1,1,1,1,0,0,0;1,0,1,1,1,0,1
15451;;1,1,1,1,0,0,0;1,0,1,1,0,1,1
15699;;1,1,1,1,0,1,0;1,0,1,0,0,1,1
15687;;1,1,1,1,0,1,0;1,0,0,0,1,1,1
15631;;1,1,1,1,0,1,0;0,0,0,1,1,1,1
15694;;1,1,1,1,0,1,0;1,0,0,1,1,1,0
15662;;1,1,1,1,0,1,0;0,1,0,1,1,1,0
15470;;1,1,1,1,0,0,0;1,1,0,1,1,1,0
15469;;1,1,1,1,0,0,0;1,1,0,1,1,0,1
15715;;1,1,1,1,0,1,0;1,1,0,0,0,1,1
15691;;1,1,1,1,0,1,0;1,0,0,1,0,1,1
15196;;1,1,1,0,1,1,0;1,0,1,1,1,0,0
15187;;1,1,1,0,1,1,0;1,0,1,0,0,1,1
16368;;1,1,1,1,1,1,1;1,1,1,0,0,0,0
16360;;1,1,1,1,1,1,1;1,1,0,1,0,0,0
16356;;1,1,1,1,1,1,1;1,1,0,0,1,0,0
16354;;1,1,1,1,1,1,1;1,1,0,0,0,1,0
16340;;1,1,1,1,1,1,1;1,0,1,0,1,0,0
16143;;1,1,1,1,1,1,0;0,0,0,1,1,1,1
16206;;1,1,1,1,1,1,0;1,0,0,1,1,1,0
16174;;1,1,1,1,1,1,0;0,1,0,1,1,1,0
16158;;1,1,1,1,1,1,0;0,0,1,1,1,1,0
16205;;1,1,1,1,1,1,0;1,0,0,1,1,0,1
16236;;1,1,1,1,1,1,0;1,1,0,1,1,0,0
16220;;1,1,1,1,1,1,0;1,0,1,1,1,0,0
16188;;1,1,1,1,1,1,0;0,1,1,1,1,0,0
16199;;1,1,1,1,1,1,0;1,0,0,0,1,1,1
16167;;1,1,1,1,1,1,0;0,1,0,0,1,1,1
16151;;1,1,1,1,1,1,0;0,0,1,0,1,1,1
16230;;1,1,1,1,1,1,0;1,1,0,0,1,1,0
16214;;1,1,1,1,1,1,0;1,0,1,0,1,1,0
16182;;1,1,1,1,1,1,0;0,1,1,0,1,1,0
16229;;1,1,1,1,1,1,0;1,1,0,0,1,0,1
16213;;1,1,1,1,1,1,0;1,0,1,0,1,0,1
16244;;1,1,1,1,1,1,0;1,1,1,0,1,0,0
16227;;1,1,1,1,1,1,0;1,1,0,0,0,1,1
16211;;1,1,1,1,1,1,0;1,0,1,0,0,1,1
16203;;1,1,1,1,1,1,0;1,0,0,1,0,1,1
16179;;1,1,1,1,1,1,0;0,1,1,0,0,1,1
16171;;1,1,1,1,1,1,0;0,1,0,1,0,1,1
16155;;1,1,1,1,1,1,0;0,0,1,1,0,1,1
16242;;1,1,1,1,1,1,0;1,1,1,0,0,1,0
16234;;1,1,1,1,1,1,0;1,1,0,1,0,1,0
16218;;1,1,1,1,1,1,0;1,0,1,1,0,1,0
16186;;1,1,1,1,1,1,0;0,1,1,1,0,1,0
16241;;1,1,1,1,1,1,0;1,1,1,0,0,0,1
16233;;1,1,1,1,1,1,0;1,1,0,1,0,0,1
16217;;1,1,1,1,1,1,0;1,0,1,1,0,0,1
16248;;1,1,1,1,1,1,0;1,1,1,1,0,0,0
15903;;1,1,1,1,1,0,0;0,0,1,1,1,1,1
15966;;1,1,1,1,1,0,0;1,0,1,1,1,1,0
15934;;1,1,1,1,1,0,0;0,1,1,1,1,1,0
15965;;1,1,1,1,1,0,0;1,0,1,1,1,0,1
15996;;1,1,1,1,1,0,0;1,1,1,1,1,0,0
15963;;1,1,1,1,1,0,0;1,0,1,1,0,1,1
15993;;1,1,1,1,1,0,0;1,1,1,1,0,0,1
15951;;1,1,1,1,1,0,0;1,0,0,1,1,1,1
15919;;1,1,1,1,1,0,0;0,1,0,1,1,1,1
15982;;1,1,1,1,1,0,0;1,1,0,1,1,1,0
15981;;1,1,1,1,1,0,0;1,1,0,1,1,0,1
15979;;1,1,1,1,1,0,0;1,1,0,1,0,1,1
15975;;1,1,1,1,1,0,0;1,1,0,0,1,1,1
15959;;1,1,1,1,1,0,0;1,0,1,0,1,1,1
15927;;1,1,1,1,1,0,0;0,1,1,0,1,1,1
15990;;1,1,1,1,1,0,0;1,1,1,0,1,1,0
15989;;1,1,1,1,1,0,0;1,1,1,0,1,0,1
15987;;1,1,1,1,1,0,0;1,1,1,0,0,1,1
15710;;1,1,1,1,0,1,0;1,0,1,1,1,1,0
15707;;1,1,1,1,0,1,0;1,0,1,1,0,1,1
15703;;1,1,1,1,0,1,0;1,0,1,0,1,1,1
15663;;1,1,1,1,0,1,0;0,1,0,1,1,1,1
15726;;1,1,1,1,0,1,0;1,1,0,1,1,1,0
15723;;1,1,1,1,0,1,0;1,1,0,1,0,1,1
15197;;1,1,1,0,1,1,0;1,0,1,1,1,0,1
15195;;1,1,1,0,1,1,0;1,0,1,1,0,1,1
16376;;1,1,1,1,1,1,1;1,1,1,1,0,0,0
16372;;1,1,1,1,1,1,1;1,1,1,0,1,0,0
16370;;1,1,1,1,1,1,1;1,1,1,0,0,1,0
16364;;1,1,1,1,1,1,1;1,1,0,1,1,0,0
16362;;1,1,1,1,1,1,1;1,1,0,1,0,1,0
16207;;1,1,1,1,1,1,0;1,0,0,1,1,1,1
16175;;1,1,1,1,1,1,0;0,1,0,1,1,1,1
16159;;1,1,1,1,1,1,0;0,0,1,1,1,1,1
16238;;1,1,1,1,1,1,0;1,1,0,1,1,1,0
16222;;1,1,1,1,1,1,0;1,0,1,1,1,1,0
16190;;1,1,1,1,1,1,0;0,1,1,1,1,1,0
16237;;1,1,1,1,1,1,0;1,1,0,1,1,0,1
16221;;1,1,1,1,1,1,0;1,0,1,1,1,0,1
16252;;1,1,1,1,1,1,0;1,1,1,1,1,0,0
16231;;1,1,1,1,1,1,0;1,1,0,0,1,1,1
16215;;1,1,1,1,1,1,0;1,0,1,0,1,1,1
16183;;1,1,1,1,1,1,0;0,1,1,0,1,1,1
16246;;1,1,1,1,1,1,0;1,1,1,0,1,1,0
16245;;1,1,1,1,1,1,0;1,1,1,0,1,0,1
16243;;1,1,1,1,1,1,0;1,1,1,0,0,1,1
16235;;1,1,1,1,1,1,0;1,1,0,1,0,1,1
16219;;1,1,1,1,1,1,0;1,0,1,1,0,1,1
16187;;1,1,1,1,1,1,0;0,1,1,1,0,1,1
16250;;1,1,1,1,1,1,0;1,1,1,1,0,1,0
16249;;1,1,1,1,1,1,0;1,1,1,1,0,0,1
16380;;1,1,1,1,1,1,1;1,1,1,1,1,0,0
16378;;1,1,1,1,1,1,1;1,1,1,1,0,1,0
16374;;1,1,1,1,1,1,1;1,1,1,0,1,1,0
16239;;1,1,1,1,1,1,0;1,1,0,1,1,1,1
16223;;1,1,1,1,1,1,0;1,0,1,1,1,1,1
16191;;1,1,1,1,1,1,0;0,1,1,1,1,1,1
16254;;1,1,1,1,1,1,0;1,1,1,1,1,1,0
16253;;1,1,1,1,1,1,0;1,1,1,1,1,0,1
16247;;1,1,1,1,1,1,0;1,1,1,0,1,1,1
16251;;1,1,1,1,1,1,0;1,1,1,1,0,1,1
16382;;1,1,1,1,1,1,1;1,1,1,1,1,1,0
16383;;1,1,1,1,1,1,1;1,1,1,1,1,1,1
